10 20 7
228.0 304.0 227.0 230.0 243.0 306.0 268.0 307.0 274.0 313.0 
3.7 3.8 4.6 3.4 4.4 4.7 2.8 4.4 2.5 3.8 3.7 3.4 2.6 2.8 3.2 3.4 4.0 3.8 2.6 3.5 
1 0 0 0 1 1 0 1 0 0 1 1 1 0 1 1 1 0 0 1 
1 1 1 0 0 0 0 1 0 1 1 1 1 1 1 1 0 0 0 0 
0 1 1 0 0 1 0 0 0 1 0 0 0 0 1 1 0 1 1 0 
1 1 0 0 1 0 0 1 0 1 0 1 1 0 1 0 0 0 1 0 
1 1 1 1 0 0 1 1 1 1 1 1 0 0 0 1 1 0 0 0 
1 1 0 0 0 0 0 0 0 0 0 0 0 1 0 0 1 1 1 0 
1 1 0 0 0 1 1 0 0 1 0 1 1 0 0 1 0 1 1 0 
1 0 0 0 0 1 1 0 1 1 1 0 0 1 0 0 0 1 1 1 
1 1 1 0 0 0 0 0 1 0 0 0 1 0 0 0 1 0 1 1 
0 1 0 0 0 1 0 0 0 1 1 1 1 1 1 0 0 0 0 1 
