10 20 8
160.0 292.0 211.0 215.0 252.0 267.0 284.0 264.0 304.0 241.0 
3.7 3.9 3.1 5.1 3.2 5.1 3.9 2.4 4.6 3.8 4.7 4.2 3.8 3.4 3.5 3.1 3.7 3.4 5.8 5.7 
1 1 0 1 1 1 0 0 0 0 1 1 1 0 1 0 1 0 1 1 
1 0 0 1 1 0 0 1 1 0 1 0 0 0 0 0 0 1 1 1 
1 1 1 0 0 0 1 0 0 0 0 1 0 0 0 1 0 1 0 0 
1 0 0 0 0 1 0 0 0 1 1 1 1 1 1 0 0 1 0 0 
0 1 0 1 0 1 0 1 1 1 0 0 0 1 0 0 1 1 0 1 
1 1 1 1 1 1 1 0 0 0 0 1 0 0 1 0 0 1 1 0 
0 0 0 0 0 1 0 1 0 0 1 0 0 1 1 0 1 1 0 1 
1 0 1 0 1 1 1 0 0 0 0 1 0 0 1 0 0 1 0 1 
0 0 1 0 0 1 0 1 0 1 0 0 1 0 1 0 1 1 1 1 
1 0 1 0 1 0 1 0 1 0 1 0 0 0 0 1 1 1 1 0 
