15 20 8
250.0 323.0 269.0 242.0 228.0 297.0 274.0 154.0 329.0 267.0 204.0 215.0 241.0 273.0 312.0 
4.3 4.4 3.7 5.8 4.7 4.7 4.4 4.6 4.3 3.9 2.6 4.9 2.6 5.2 2.5 2.9 3.7 3.8 4.0 4.2 
1 1 1 1 0 1 0 1 1 0 1 1 0 1 0 1 0 0 0 0 
1 1 0 0 1 1 0 1 0 0 0 0 0 0 1 1 1 0 1 1 
1 0 0 0 0 1 0 0 1 0 1 0 1 0 1 0 0 0 1 0 
0 1 0 1 0 1 0 0 0 1 0 1 1 0 1 1 1 1 1 1 
0 1 1 0 0 0 0 1 0 0 1 0 1 1 1 1 0 1 0 1 
1 0 1 1 0 1 0 1 1 0 1 0 1 0 0 0 0 1 0 0 
1 0 1 1 1 1 1 0 1 1 1 0 0 1 1 1 1 0 1 0 
1 1 1 1 1 1 0 1 0 1 0 0 1 1 0 0 1 0 0 1 
0 1 0 0 1 0 0 1 0 0 0 0 0 0 0 1 1 0 0 1 
1 1 1 0 0 0 0 0 1 0 0 1 0 0 0 0 1 0 0 0 
1 0 0 1 0 1 1 1 1 0 0 1 1 0 0 0 1 0 1 0 
0 1 0 0 1 1 0 0 0 0 0 0 1 0 0 0 1 0 0 1 
1 0 0 0 0 1 1 0 0 0 0 0 1 0 1 1 0 0 0 0 
0 1 0 1 1 0 1 0 1 0 1 0 0 1 0 1 0 0 0 0 
0 1 0 1 1 0 1 0 1 0 0 0 0 0 1 1 1 0 1 1 
