15 15 8
238.0 125.0 261.0 344.0 146.0 312.0 307.0 184.0 265.0 286.0 294.0 225.0 161.0 273.0 213.0 
3.4 2.5 4.2 3.7 3.7 4.7 4.0 4.9 3.5 5.0 2.7 5.1 3.9 4.1 3.4 
1 0 0 0 0 0 1 1 0 0 0 1 1 0 0 
1 0 1 1 1 1 0 0 1 1 0 0 0 1 1 
1 1 1 1 0 0 0 0 0 1 0 0 0 0 1 
0 1 0 1 0 1 0 0 1 1 0 1 1 0 1 
1 0 0 1 0 0 0 1 1 0 0 0 0 1 0 
1 1 1 0 0 0 0 0 1 1 1 1 0 1 1 
1 0 0 1 1 1 1 1 0 1 1 0 0 1 1 
0 1 0 1 1 1 1 0 0 1 0 1 0 0 1 
0 1 1 0 0 1 0 1 0 0 1 0 0 0 1 
0 0 0 0 0 0 0 0 1 0 0 1 1 0 0 
1 1 1 0 0 1 1 0 0 0 0 1 0 1 1 
1 1 0 0 0 1 1 0 1 1 1 1 0 0 0 
1 0 0 0 1 0 0 1 0 0 0 1 0 0 1 
0 0 1 0 0 1 1 1 0 0 0 1 1 0 0 
1 1 1 0 0 1 1 0 0 1 0 1 1 1 1 
