15 15 7
314.0 248.0 222.0 224.0 150.0 191.0 180.0 233.0 212.0 240.0 159.0 376.0 228.0 224.0 347.0 
3.9 3.2 2.2 3.0 2.2 4.9 3.7 4.5 3.0 3.3 3.9 3.4 2.4 4.6 3.5 
1 1 0 0 1 1 0 1 1 1 1 0 0 0 0 
1 0 1 1 0 1 1 0 1 1 1 0 1 1 1 
0 0 0 1 0 0 1 0 0 1 0 0 0 0 1 
1 0 0 1 0 1 1 0 0 1 0 0 0 1 0 
0 1 0 0 1 0 1 0 1 0 0 0 1 1 1 
1 1 0 1 0 1 1 1 0 1 0 1 1 1 0 
0 0 0 0 1 1 0 0 0 1 0 0 0 0 0 
0 0 1 0 0 1 0 0 1 0 1 0 0 0 0 
1 1 1 0 1 1 1 0 1 1 1 1 0 1 1 
0 0 0 1 1 1 1 1 1 1 1 0 0 0 0 
1 0 0 0 0 0 1 0 0 1 0 1 0 0 1 
0 0 1 1 1 1 0 0 1 0 1 1 1 0 0 
1 0 0 0 0 0 1 1 0 0 0 1 1 1 0 
0 0 1 0 1 1 1 1 0 0 0 0 0 1 0 
1 1 1 0 0 1 0 1 1 0 1 0 1 0 1 
