15 20 7
267.0 253.0 295.0 243.0 270.0 238.0 157.0 300.0 237.0 284.0 405.0 171.0 302.0 344.0 238.0 
2.3 4.2 2.7 4.8 4.3 4.1 4.2 5.0 3.0 4.2 3.1 2.3 3.6 3.2 3.7 2.5 2.8 4.4 3.8 4.1 
0 1 1 1 1 1 0 0 0 0 1 1 0 0 0 0 0 1 0 0 
0 1 0 0 0 0 0 0 1 0 1 0 1 1 1 1 0 0 0 0 
1 1 1 0 0 0 0 1 0 1 1 0 0 1 0 0 0 0 1 1 
0 0 1 0 1 0 0 1 0 0 0 0 0 1 1 1 1 1 0 0 
0 0 1 0 1 1 1 1 1 0 1 1 1 0 0 0 0 0 0 0 
0 1 1 0 0 1 0 0 1 1 1 0 1 0 1 0 1 1 1 1 
1 1 0 1 1 0 1 0 0 0 1 1 0 1 0 0 0 0 0 1 
1 0 0 0 0 1 1 1 0 0 0 0 1 1 1 0 1 0 1 0 
0 1 1 0 1 0 1 0 1 1 1 1 1 1 1 0 1 1 1 1 
0 0 1 1 1 0 1 1 1 0 1 1 0 1 0 1 1 1 0 0 
1 0 0 1 0 0 0 1 0 1 0 0 1 1 1 0 0 1 0 1 
1 0 0 0 0 1 0 1 0 1 0 1 0 1 1 0 1 1 1 0 
0 1 0 1 0 0 0 0 1 1 0 0 0 1 1 0 0 1 1 0 
1 0 0 0 1 0 1 0 0 1 1 0 1 1 0 1 1 0 0 0 
1 0 1 1 0 0 0 1 1 0 0 1 0 1 0 0 0 1 1 0 
