10 90 6
254.0 281.0 245.0 242.0 208.0 202.0 182.0 321.0 242.0 191.0 
3.2 3.8 2.6 3.0 1.9 5.0 3.1 2.9 4.9 2.9 3.5 3.5 1.0 3.1 3.8 2.8 2.7 2.7 2.6 1.4 2.9 3.9 3.4 0.8 3.2 2.4 3.7 2.6 1.0 5.4 4.3 0.3 3.3 3.0 2.3 2.9 2.4 3.7 3.4 4.9 1.8 4.0 4.7 1.8 3.5 1.9 3.1 1.8 3.4 2.7 4.5 2.4 3.4 2.6 4.3 3.8 4.0 2.6 2.0 1.4 1.7 2.5 1.5 2.4 3.7 4.2 2.8 3.0 3.2 2.2 3.1 4.0 2.2 2.2 3.7 3.4 3.4 4.8 1.6 3.3 2.2 3.1 3.2 3.4 1.7 3.4 1.7 2.4 3.7 3.0 
1 0 0 1 0 0 0 1 0 1 1 1 0 1 1 0 0 1 1 1 1 0 0 0 0 1 0 1 1 1 0 1 0 0 1 0 1 1 1 0 1 1 1 0 1 0 0 0 0 1 1 1 1 0 1 0 0 1 1 1 1 0 0 0 0 0 1 1 1 1 0 1 1 0 1 1 1 1 0 0 0 0 0 0 1 1 1 1 1 0 
1 1 1 0 1 0 1 1 0 0 0 1 0 1 1 0 1 0 0 1 1 0 0 1 0 1 0 0 0 0 0 1 0 0 0 1 1 1 0 1 1 0 1 1 1 1 0 1 1 1 0 1 1 0 1 0 0 1 0 1 1 0 0 0 1 1 0 0 0 1 1 1 1 0 1 1 0 0 0 0 1 1 1 1 0 1 0 0 0 0 
0 1 0 0 0 1 1 1 0 1 1 0 1 0 1 1 0 1 1 0 0 1 0 1 1 0 0 1 1 1 1 0 0 1 0 0 1 1 1 1 1 1 1 1 0 0 1 1 0 1 0 1 1 1 1 0 0 1 1 1 1 0 0 0 0 0 1 1 1 1 1 1 1 0 0 0 1 0 1 1 1 1 1 0 1 0 0 1 1 0 
0 1 0 1 0 0 0 1 0 1 1 1 0 0 0 1 1 0 1 1 0 1 0 1 0 1 0 0 0 0 0 0 0 0 1 0 0 0 0 1 0 1 1 1 0 1 0 1 0 1 1 1 1 0 0 0 0 1 0 0 0 1 0 0 0 1 1 1 1 0 1 0 1 0 0 1 1 1 1 0 1 0 1 1 1 0 1 0 1 1 
1 1 1 0 0 0 0 1 0 0 1 1 0 0 1 1 1 1 0 1 0 1 1 1 0 0 0 0 0 1 0 0 0 1 0 0 0 0 1 0 1 0 0 0 1 1 1 1 1 0 0 1 0 1 0 1 1 0 1 1 1 0 1 1 1 1 1 1 0 1 1 1 1 0 0 0 0 1 0 0 0 1 0 0 1 0 0 0 1 1 
1 1 1 1 0 0 1 1 1 1 1 0 0 1 1 0 0 0 1 0 0 0 0 0 0 0 0 1 0 1 0 0 0 1 0 0 0 1 1 0 0 1 1 1 1 1 0 1 1 1 1 0 1 1 1 0 1 1 0 0 1 0 1 1 1 1 1 1 0 0 0 0 0 0 1 1 0 0 1 0 0 1 1 1 0 1 1 1 0 1 
1 0 0 1 0 0 1 0 1 1 1 1 1 0 0 0 1 1 1 1 1 0 1 0 0 1 1 0 1 0 1 0 0 1 1 0 0 1 0 1 0 1 1 0 0 1 1 0 1 1 0 1 0 1 0 0 1 1 0 0 1 1 1 1 0 1 0 1 1 1 1 0 0 1 0 0 1 1 0 1 1 1 1 1 0 1 1 0 1 0 
0 0 0 0 1 0 0 0 0 1 0 1 0 0 1 1 0 0 0 0 1 0 0 0 0 1 0 1 0 1 1 1 0 1 0 0 0 1 1 0 0 1 1 0 0 0 1 1 0 1 0 0 0 0 1 0 1 0 0 1 0 1 1 1 1 0 0 1 1 0 1 1 1 0 0 0 1 0 0 1 0 1 0 0 0 0 1 0 0 1 
1 1 1 0 1 1 0 0 0 0 0 1 0 0 1 0 1 0 0 1 1 1 0 0 1 0 1 0 0 0 1 0 0 1 1 0 1 1 0 1 0 1 1 0 1 1 1 0 0 1 1 1 1 0 0 1 0 0 1 0 1 0 1 0 1 0 0 1 1 1 0 1 0 1 0 1 0 0 1 0 0 0 0 1 1 0 1 0 1 1 
1 1 0 1 0 0 0 1 0 0 0 1 0 1 1 1 1 1 1 1 0 0 0 1 1 0 0 0 0 1 1 1 1 1 0 0 1 0 1 1 0 0 0 0 1 1 0 0 0 1 0 1 0 1 0 1 1 1 0 1 1 1 0 1 1 1 1 1 1 0 0 0 0 1 0 0 0 1 1 0 1 1 1 1 0 0 1 1 0 1 
