10 90 7
200.0 176.0 291.0 234.0 253.0 261.0 203.0 202.0 295.0 323.0 
5.0 2.7 2.9 4.0 2.9 3.4 4.6 2.9 3.4 4.4 3.9 3.3 3.6 2.0 2.3 3.0 3.6 4.2 4.6 2.6 3.8 2.0 3.0 2.7 3.2 3.3 3.3 3.6 2.7 3.2 3.9 4.6 2.6 2.3 3.6 3.2 3.5 2.4 3.8 2.5 4.0 4.6 3.2 3.6 1.5 3.0 3.0 2.5 3.0 3.3 3.3 3.0 3.7 4.2 4.1 2.5 2.1 4.2 3.1 3.6 4.5 4.5 2.0 3.7 3.4 3.5 3.9 3.2 2.7 4.0 3.0 3.9 3.5 1.9 2.2 4.3 3.9 3.7 3.3 3.9 4.3 4.3 3.3 3.1 3.7 1.9 4.4 2.4 3.2 3.2 
0 0 1 0 1 0 1 0 1 0 0 0 0 1 0 1 0 1 0 0 1 0 1 1 0 0 0 1 1 1 1 1 1 1 1 1 0 0 0 1 1 1 1 0 1 1 0 1 1 1 1 1 1 1 0 0 0 0 0 0 0 1 0 0 0 1 1 0 1 1 0 0 1 1 1 0 0 1 1 1 0 0 0 0 1 0 0 0 0 0 
1 1 1 1 0 0 1 1 1 1 0 0 1 1 0 1 0 1 0 1 1 0 0 0 1 1 1 0 0 0 1 0 0 1 1 0 0 1 0 0 0 1 0 0 0 0 1 0 0 1 0 0 0 0 0 0 0 1 0 1 0 0 0 0 1 1 0 0 1 0 0 1 0 1 0 1 1 1 1 0 1 1 1 0 1 0 1 0 0 0 
0 1 0 1 1 1 0 0 0 0 0 1 1 1 0 0 0 1 1 0 1 1 0 1 0 0 1 0 1 1 1 0 0 0 0 1 0 0 0 1 1 1 0 0 1 1 1 0 0 0 1 1 1 0 1 1 0 0 0 0 1 1 0 0 0 1 1 1 0 0 0 0 1 0 1 1 1 1 1 1 0 0 1 0 1 0 0 0 1 0 
1 0 0 1 1 0 0 0 0 0 1 0 0 0 1 1 1 1 1 1 0 1 0 0 0 0 1 0 1 0 0 1 1 0 0 0 0 0 0 0 1 0 1 1 1 1 1 1 1 1 0 1 1 1 1 0 1 1 0 0 1 0 1 0 0 1 0 0 1 0 1 0 1 0 0 0 0 1 1 0 1 0 1 0 0 1 1 1 0 1 
1 0 0 1 1 1 1 1 1 0 1 0 1 1 0 1 0 1 1 0 0 1 1 0 1 1 1 0 1 0 0 0 1 1 1 1 1 1 0 0 1 0 0 1 1 0 1 1 1 1 0 1 0 1 1 1 0 0 0 0 1 0 1 1 0 0 0 1 0 1 0 1 1 0 0 0 0 1 0 0 1 0 0 0 0 0 0 0 0 0 
0 1 1 1 0 0 1 1 1 1 1 0 1 1 0 1 0 1 0 1 0 1 0 0 1 0 1 0 1 0 0 0 1 0 1 0 0 0 0 0 0 0 1 1 1 1 0 0 1 1 0 0 0 0 0 0 0 1 0 0 0 1 0 1 0 0 1 1 0 1 0 0 1 1 1 0 1 0 1 1 1 0 1 0 0 0 0 0 1 1 
0 1 1 0 1 0 1 0 0 1 0 0 1 1 1 0 1 0 0 1 0 1 1 1 0 0 0 1 1 1 0 0 1 1 1 1 0 0 0 1 1 0 1 1 1 0 1 1 1 1 0 1 1 1 1 1 0 1 1 1 0 1 0 1 0 1 0 1 0 1 1 1 1 1 1 0 1 1 0 1 0 0 0 1 1 1 0 1 1 1 
0 0 1 1 1 1 1 1 0 1 0 0 1 0 0 0 0 1 0 0 0 0 0 0 1 0 0 1 0 1 1 1 1 0 0 0 0 0 1 1 0 0 0 0 1 0 0 0 0 1 0 1 1 0 0 0 1 1 1 1 0 0 0 0 1 0 0 1 1 1 1 1 1 0 0 1 0 1 0 0 0 1 1 0 0 0 1 1 1 0 
1 0 0 1 0 0 1 1 1 0 1 1 0 1 1 1 0 0 1 1 1 0 1 0 0 1 0 0 0 1 0 0 0 0 0 1 0 1 1 0 0 1 0 0 1 1 0 1 1 1 1 1 0 1 0 1 1 1 1 0 1 0 1 0 1 1 1 1 1 0 1 0 0 0 1 1 1 0 1 1 0 0 0 1 1 1 0 0 0 1 
0 1 0 0 1 0 0 0 1 0 1 0 0 1 0 1 0 0 1 0 0 1 0 0 1 0 0 0 0 1 0 0 1 0 1 0 0 1 1 1 0 1 1 0 1 1 0 0 0 0 1 0 1 1 0 1 0 1 0 0 0 0 0 1 1 0 0 1 1 0 0 0 0 1 0 0 1 0 1 0 0 1 0 1 1 1 0 1 1 1 
