10 50 5
288.0 199.0 248.0 198.0 309.0 271.0 183.0 232.0 315.0 223.0 
1.9 2.9 2.8 4.1 3.0 2.5 3.3 2.8 3.6 2.7 0.9 2.7 1.3 3.1 2.8 3.0 3.0 2.0 2.3 1.9 2.8 1.8 2.3 2.8 3.3 2.4 1.9 1.7 3.2 2.3 1.8 3.2 2.5 2.2 2.4 2.8 2.1 1.2 4.6 3.4 3.3 1.3 3.4 2.5 2.9 3.7 2.3 2.5 2.1 1.9 
1 1 0 0 0 1 1 1 1 0 1 1 1 0 1 0 0 0 1 1 1 1 0 1 0 1 1 1 0 1 0 1 0 1 0 1 1 0 0 0 1 1 0 1 1 1 0 0 1 0 
1 1 1 1 0 0 1 0 1 0 0 1 0 0 0 1 1 1 1 1 0 0 1 1 0 0 0 1 1 0 1 0 0 1 0 0 1 1 1 0 0 0 0 1 1 0 1 0 0 1 
1 1 1 1 1 1 1 1 1 0 1 1 0 0 1 1 1 1 0 0 0 0 1 1 1 1 1 0 0 0 1 1 1 1 1 0 1 0 1 0 1 0 0 1 0 0 0 0 1 1 
1 0 0 1 0 1 1 0 0 0 1 1 1 0 1 1 0 1 0 1 0 1 1 0 1 0 0 0 1 1 1 0 0 1 0 1 0 1 1 0 1 0 1 1 1 0 0 1 0 1 
1 1 0 0 0 1 1 0 1 0 0 1 0 0 0 0 0 0 1 0 0 1 0 1 0 1 0 1 1 1 0 0 0 0 0 1 0 1 0 0 1 0 1 1 1 0 0 1 0 1 
0 1 0 0 0 0 0 1 1 1 1 1 0 1 0 0 1 1 1 0 0 1 0 1 1 0 0 0 0 1 0 1 1 0 0 0 1 0 0 0 1 1 1 0 1 1 1 1 1 1 
1 0 1 0 1 1 1 1 0 1 1 1 1 1 1 0 0 1 1 0 0 0 1 0 1 1 1 0 1 0 1 1 1 0 1 1 1 0 1 1 1 1 1 1 0 1 1 1 0 1 
0 0 1 0 1 1 1 0 0 0 1 0 1 0 1 1 0 0 0 1 1 1 1 0 1 1 0 1 1 0 0 0 0 1 1 1 1 0 0 1 1 0 0 1 1 1 1 1 0 1 
0 1 1 0 1 1 1 1 0 1 1 1 0 0 1 0 0 1 1 0 1 1 0 0 1 1 0 1 1 0 1 0 1 0 1 1 1 1 1 1 0 1 0 0 0 0 0 1 1 0 
0 0 0 0 0 1 1 0 1 1 1 0 1 0 0 0 0 1 1 1 0 0 1 0 1 1 1 1 0 0 1 0 1 1 0 1 0 1 0 0 0 0 1 1 1 0 0 1 1 0 
