10 90 5
197.0 316.0 213.0 260.0 197.0 200.0 135.0 242.0 220.0 267.0 
3.6 2.1 3.0 2.4 1.9 1.5 1.2 2.2 3.8 2.3 2.9 1.8 2.4 1.1 2.6 3.7 1.6 1.1 1.8 1.4 3.3 2.5 2.8 2.8 2.6 2.0 2.6 2.6 4.2 2.8 3.0 0.8 3.7 3.9 2.9 2.4 2.5 2.2 2.3 2.2 3.1 2.9 2.5 3.8 3.5 2.8 2.7 2.8 3.2 3.1 2.8 2.4 2.4 3.6 2.2 2.7 3.4 3.4 1.4 4.1 1.8 2.4 3.2 3.9 1.2 2.7 2.1 3.0 2.8 1.2 2.8 2.9 2.6 2.5 1.0 1.1 3.7 3.6 2.3 3.1 2.9 1.5 2.5 2.2 1.6 3.1 0.3 1.8 3.3 2.6 
1 0 1 0 0 1 0 1 1 1 0 0 1 1 1 1 1 0 0 0 0 1 0 1 1 0 0 0 1 0 0 1 0 1 1 1 0 1 0 0 0 0 0 1 1 1 0 1 1 1 1 1 0 1 0 1 0 0 0 1 1 1 1 0 1 1 0 1 1 1 0 0 0 0 0 0 0 1 1 1 1 1 1 1 1 1 0 0 0 1 
1 1 1 0 0 0 0 1 0 0 0 1 0 1 1 0 1 1 1 0 0 1 1 1 0 0 0 0 1 1 0 1 0 1 1 0 1 0 1 1 0 0 0 1 1 1 0 0 0 0 1 0 1 0 1 0 0 0 1 0 1 1 0 1 1 0 1 0 0 1 0 0 1 1 0 0 0 1 1 1 0 0 0 0 1 1 1 1 0 0 
1 1 1 1 0 1 0 0 0 0 0 1 1 1 1 0 1 1 1 1 1 0 1 1 0 1 0 1 0 0 1 1 0 1 1 1 1 1 0 1 1 0 0 1 0 0 0 1 1 0 0 0 1 1 1 0 1 1 1 0 1 0 0 1 0 0 1 1 0 1 1 1 0 1 1 1 1 1 1 0 1 0 0 1 0 1 1 1 0 0 
1 1 1 1 1 1 0 1 0 0 1 1 1 0 0 0 1 1 1 0 0 1 1 0 0 0 0 1 0 1 0 1 0 0 1 0 0 1 1 0 0 0 0 0 0 0 0 1 1 1 0 0 0 0 0 1 1 1 0 1 0 1 0 1 0 1 1 1 1 0 0 1 1 0 1 0 0 1 1 1 1 1 0 0 1 1 1 0 1 0 
1 1 0 1 0 0 0 0 1 0 0 1 1 0 0 0 1 0 0 0 0 0 0 0 1 0 0 1 0 1 0 1 1 1 1 0 1 1 1 0 1 1 0 0 1 1 1 1 0 0 1 1 0 0 0 0 1 1 0 0 0 1 1 0 0 0 0 1 1 1 0 1 1 1 0 1 1 0 1 1 1 0 0 1 0 1 1 1 0 1 
1 0 0 1 0 0 0 0 0 1 0 0 0 0 1 0 1 1 1 1 0 1 1 1 1 0 0 1 1 0 1 1 1 1 1 0 1 1 1 0 1 1 0 0 0 1 1 1 0 1 0 0 1 1 0 1 0 1 1 1 1 0 1 0 0 1 1 1 1 1 0 1 0 0 0 1 1 0 0 1 1 0 1 0 0 1 1 1 0 0 
0 1 1 0 0 0 1 0 1 1 1 1 1 1 1 1 1 1 1 1 1 1 1 0 1 1 0 0 0 1 0 0 0 0 1 0 1 0 1 1 1 0 1 0 0 0 1 0 0 0 1 1 0 1 0 0 0 0 1 0 0 1 0 0 0 0 0 1 0 0 1 1 1 1 0 1 1 1 0 0 0 1 1 0 0 1 1 1 0 1 
1 1 1 0 1 1 1 0 1 0 1 1 1 1 1 1 0 1 0 1 1 1 1 1 0 0 0 0 1 0 0 0 0 0 0 0 1 0 1 0 0 1 1 0 1 1 1 1 1 1 1 1 0 1 0 0 1 1 0 1 1 0 0 1 1 1 0 0 1 1 0 1 0 0 0 0 0 0 0 0 0 0 1 0 1 0 1 0 0 0 
0 0 1 1 0 0 1 0 1 1 1 1 1 1 1 1 1 1 0 0 0 0 0 0 0 0 0 1 0 0 0 0 1 1 1 1 1 1 0 0 0 0 1 0 0 0 0 0 1 1 1 0 0 0 1 1 1 1 1 1 0 0 1 0 1 0 0 1 0 0 1 1 0 1 0 1 0 0 0 1 0 0 0 1 1 0 1 1 1 1 
0 0 0 1 0 1 0 1 0 1 1 1 0 0 0 1 0 0 0 1 0 1 1 0 1 1 1 0 1 1 0 1 0 0 0 0 0 0 1 1 0 0 0 0 0 0 0 1 0 1 0 0 0 1 0 0 0 0 1 0 0 1 0 1 1 1 1 0 0 0 0 1 0 1 0 1 0 0 1 1 0 1 1 0 0 1 0 1 1 0 
