10 30 8
289.0 296.0 324.0 134.0 316.0 239.0 205.0 314.0 179.0 317.0 
2.9 4.8 3.4 3.7 3.0 3.2 5.1 2.8 2.3 4.2 5.6 5.7 3.8 2.1 2.9 3.7 4.7 5.3 4.3 4.7 2.8 2.8 5.6 2.9 3.1 4.0 3.9 3.7 3.5 4.2 
0 1 1 0 0 1 1 0 1 1 1 0 1 1 1 1 1 0 1 1 0 0 1 1 1 1 1 0 1 0 
0 1 1 1 0 1 0 0 1 0 0 1 0 1 1 1 0 1 1 1 1 0 0 1 0 1 0 0 0 0 
1 0 1 1 1 1 1 0 0 1 0 1 1 1 1 0 1 0 0 1 0 0 0 0 0 1 1 1 0 1 
1 0 0 0 0 0 1 0 0 0 0 1 1 1 0 0 1 0 1 0 1 1 1 0 0 0 0 0 1 1 
1 0 1 0 1 1 1 0 0 1 1 0 1 0 0 0 1 0 1 0 0 1 0 1 1 1 0 0 0 1 
0 1 0 1 0 1 1 1 1 1 0 0 1 1 0 1 0 1 0 1 1 1 0 1 1 1 0 0 0 1 
0 0 0 1 1 0 0 1 1 1 0 0 1 1 1 1 0 0 0 1 1 0 0 0 0 1 0 0 1 1 
1 1 0 1 0 0 1 1 1 1 1 1 1 0 1 0 0 0 1 1 0 0 0 1 1 0 1 1 0 1 
0 1 0 0 0 1 0 1 0 1 0 1 0 0 0 1 0 1 1 1 1 1 1 0 1 1 1 1 0 0 
0 1 0 1 0 1 1 1 0 1 1 0 0 0 1 0 1 0 0 1 0 1 0 0 0 0 1 0 0 0 
