10 50 6
184.0 325.0 265.0 187.0 310.0 368.0 233.0 263.0 286.0 186.0 
2.1 4.2 3.0 2.8 2.5 1.6 2.9 5.4 1.4 1.9 3.6 3.3 3.3 2.4 2.3 2.3 1.5 4.5 3.2 2.6 4.6 3.4 3.6 3.6 2.6 1.8 3.3 2.4 2.5 2.5 1.5 3.9 2.1 4.2 0.9 2.4 2.3 2.9 4.0 2.6 3.3 2.0 1.3 2.3 2.9 3.3 3.1 2.3 3.7 2.1 
0 0 0 1 1 0 1 1 0 0 1 1 1 1 1 1 0 0 1 0 0 1 0 0 1 0 1 1 0 1 1 0 1 0 1 1 0 1 1 1 1 1 0 0 0 1 1 0 0 1 
0 1 1 0 0 0 0 0 1 0 0 1 1 0 0 1 1 0 0 0 0 1 1 0 1 0 1 0 0 1 1 1 0 1 1 1 0 0 1 0 1 1 1 1 0 0 0 1 1 0 
0 1 1 0 0 1 1 1 1 0 0 1 0 0 1 0 0 0 0 0 0 1 0 0 1 1 1 1 1 1 0 0 1 0 1 1 0 0 0 1 1 0 1 1 1 1 0 1 0 1 
0 1 1 1 0 0 0 0 0 1 1 0 1 1 0 1 1 0 0 1 0 0 1 1 1 0 1 1 1 1 0 0 1 1 1 1 0 0 0 1 1 1 1 0 0 1 0 1 0 0 
1 1 0 1 0 0 1 0 0 0 1 0 0 1 0 0 0 0 0 0 1 0 1 0 0 1 0 1 1 0 1 0 1 1 1 1 0 0 1 0 0 0 0 0 1 0 1 0 1 0 
1 1 0 0 1 0 1 1 1 0 1 0 0 0 1 0 0 1 1 0 1 0 0 1 1 0 0 0 1 1 1 1 1 0 1 1 0 0 0 1 0 0 0 0 1 1 1 1 0 1 
0 1 1 1 1 0 0 0 1 1 1 0 0 1 0 0 1 1 0 0 1 0 0 1 1 0 0 1 1 0 1 1 1 0 0 1 1 0 1 1 0 1 1 0 0 0 1 1 0 0 
0 1 0 1 0 0 1 1 1 1 1 1 0 0 1 0 0 1 0 1 0 1 0 1 0 1 0 1 0 1 0 0 0 1 1 0 0 0 1 1 1 0 1 0 1 1 0 0 1 1 
1 1 1 0 1 0 1 1 0 0 0 0 0 0 0 1 0 1 1 1 1 1 0 0 0 0 1 0 1 0 0 0 0 0 0 0 0 0 1 1 1 1 0 0 0 1 0 0 1 0 
1 1 0 1 0 0 0 0 1 0 0 0 0 0 0 1 1 0 1 1 0 1 1 1 0 0 0 1 1 0 0 1 1 0 0 0 0 1 0 0 1 1 0 1 0 0 0 1 1 1 
