10 30 7
257.0 302.0 240.0 211.0 243.0 289.0 175.0 276.0 221.0 274.0 
3.5 3.4 3.9 3.0 2.9 3.9 4.6 3.5 3.2 3.0 2.6 4.4 4.2 5.1 3.9 3.8 3.2 4.2 3.5 2.7 3.3 2.9 2.6 3.7 3.6 2.4 4.3 4.1 3.1 4.2 
0 1 0 0 1 0 1 1 0 1 1 1 0 1 1 1 0 0 0 1 1 0 1 0 0 0 0 0 0 1 
0 1 1 0 0 1 1 1 1 0 1 1 1 1 0 0 0 1 0 0 0 0 0 1 0 0 0 0 0 1 
0 1 1 1 0 1 0 1 0 1 0 1 1 0 1 1 1 1 1 1 1 1 1 1 0 0 0 0 0 1 
0 1 1 1 0 1 1 1 1 0 1 1 1 0 1 0 0 0 0 0 0 0 0 1 1 0 0 0 0 1 
0 1 1 1 0 1 0 1 1 0 0 1 0 0 0 0 1 1 1 1 1 1 0 1 1 1 0 1 1 1 
1 1 1 0 1 1 1 1 1 0 1 1 0 0 0 1 1 1 0 0 0 1 1 0 1 0 0 0 1 0 
1 1 1 1 1 1 1 1 0 0 1 1 1 1 1 1 0 0 1 1 0 1 1 1 0 1 1 1 1 0 
0 0 1 0 0 1 0 1 0 1 0 1 0 1 1 0 1 1 0 0 1 1 1 0 0 0 0 1 1 0 
0 1 0 1 0 0 0 0 1 1 0 1 1 1 0 0 1 1 1 0 0 1 0 0 0 1 1 0 1 1 
1 0 1 0 0 0 0 0 1 1 0 0 1 1 1 0 1 1 1 1 0 0 1 1 1 0 0 1 0 1 
