10 50 7
258.0 265.0 303.0 249.0 200.0 308.0 250.0 272.0 190.0 269.0 
2.5 3.9 2.7 4.8 2.8 3.9 4.3 3.4 3.9 3.2 3.8 2.8 3.8 4.9 3.7 4.1 3.2 1.1 4.0 3.5 3.1 3.0 3.4 2.8 3.6 3.1 2.9 3.0 3.3 4.1 4.0 3.0 3.6 5.0 2.6 3.8 3.6 3.6 4.2 2.0 3.2 3.1 3.4 2.8 4.7 2.3 3.3 4.4 3.4 2.3 
0 1 1 0 0 1 0 1 0 1 1 1 1 0 1 1 0 1 1 1 1 0 0 1 1 1 1 0 1 0 0 0 1 1 1 0 0 1 1 0 0 0 1 0 1 1 0 1 1 0 
0 0 1 0 0 1 1 1 1 1 0 0 1 1 0 1 1 0 1 1 0 1 1 0 1 0 0 1 1 1 0 0 0 0 0 1 0 0 0 1 1 1 0 1 0 1 0 0 1 1 
1 1 1 0 1 1 0 1 1 1 1 1 1 1 1 1 1 0 1 1 1 0 1 1 0 1 0 0 0 1 0 0 1 0 1 1 0 1 1 0 1 1 1 1 0 0 1 0 0 0 
1 0 1 1 1 0 0 1 0 0 0 1 0 1 1 1 1 1 0 1 0 0 0 0 0 1 0 1 0 0 1 0 1 0 0 0 0 1 0 0 1 0 0 0 0 1 1 0 0 0 
0 0 0 1 0 0 1 0 1 1 1 1 0 0 1 0 1 0 1 1 0 0 0 1 0 0 1 0 0 1 1 0 1 0 0 1 1 0 0 0 0 0 1 1 0 1 1 1 1 0 
0 0 1 0 1 0 0 0 0 0 1 0 1 0 0 1 1 0 0 1 1 1 0 0 1 1 1 1 1 1 0 0 0 1 1 1 0 0 1 1 1 1 0 1 0 1 1 0 1 1 
1 0 0 1 0 1 1 0 0 1 1 0 0 1 0 1 0 1 1 0 0 1 0 1 0 0 0 0 0 1 1 1 0 0 0 1 1 0 0 0 1 0 1 1 1 0 1 1 0 1 
0 1 0 0 0 1 1 0 1 1 0 0 0 0 1 1 0 1 1 0 0 1 0 1 0 0 0 1 1 0 1 0 1 0 1 1 0 1 1 1 1 1 1 0 0 1 1 0 0 0 
0 0 1 0 1 0 0 0 0 0 1 1 0 1 0 0 1 1 1 1 1 1 1 0 1 1 0 1 0 1 0 1 0 1 0 1 1 0 1 1 1 0 1 0 1 1 0 1 1 1 
0 1 1 0 1 1 1 1 1 0 1 1 1 1 1 0 1 0 1 1 0 0 1 1 1 1 0 1 1 1 0 1 0 0 0 1 0 0 1 0 0 1 0 0 1 1 1 1 0 0 
