10 30 6
157.0 219.0 204.0 221.0 194.0 238.0 198.0 290.0 278.0 249.0 
3.0 2.6 1.9 2.7 4.5 4.2 2.1 3.1 3.3 2.2 3.2 2.9 3.4 1.2 2.6 2.7 3.4 2.5 2.8 0.7 2.9 2.6 4.0 2.4 1.7 3.0 3.2 2.6 2.1 2.4 
1 0 1 1 1 0 1 1 0 1 1 0 0 0 0 0 0 0 0 1 0 0 1 0 1 0 0 0 1 1 
0 0 1 0 0 0 1 0 1 1 0 1 0 0 0 0 0 0 0 1 0 0 1 1 0 0 0 1 0 1 
0 1 1 1 1 1 1 1 1 0 1 1 0 1 0 0 1 1 1 1 0 0 1 1 0 1 1 0 1 0 
0 0 1 1 0 1 0 1 1 0 0 1 0 0 0 0 0 1 1 1 1 0 1 0 0 0 0 0 1 1 
1 0 0 1 0 0 0 0 1 1 0 1 0 1 0 1 0 1 0 1 0 0 1 1 0 0 0 1 0 0 
1 1 1 1 0 1 1 1 1 0 0 0 0 1 0 1 1 1 1 1 0 1 0 1 0 0 1 1 1 0 
0 1 0 0 1 0 1 1 1 0 1 1 0 0 0 1 1 0 0 0 0 0 0 1 1 0 1 0 0 0 
0 1 0 0 0 1 0 0 0 0 1 0 0 0 1 1 1 1 1 1 0 1 1 1 1 1 1 1 1 1 
1 0 0 0 1 0 0 0 0 0 0 1 0 0 1 1 0 0 0 1 0 1 0 0 0 0 0 1 0 0 
1 0 0 0 0 1 0 0 1 0 1 1 0 0 1 1 0 0 0 0 0 0 1 1 1 1 1 1 1 0 
