10 70 5
246.0 251.0 402.0 342.0 313.0 256.0 241.0 189.0 282.0 257.0 
2.4 3.2 3.6 2.6 3.5 1.9 1.7 2.8 2.0 4.2 1.7 2.8 0.4 2.4 1.7 1.9 2.8 3.2 2.7 2.7 2.6 1.6 1.2 4.4 4.2 2.4 4.0 2.6 2.6 2.6 3.0 3.2 3.3 2.7 1.7 2.7 2.6 2.1 3.8 3.9 2.1 3.0 2.9 2.6 3.9 4.0 2.7 2.9 2.4 1.0 1.7 3.5 1.9 1.9 3.3 2.2 3.5 2.7 3.0 2.4 2.3 2.1 1.2 2.9 1.9 3.7 3.4 2.1 2.7 2.7 
1 1 1 1 0 0 1 0 1 1 0 1 1 1 0 1 0 1 0 1 0 1 0 1 1 0 1 1 0 1 1 1 1 0 1 0 0 1 0 1 0 1 1 0 1 0 1 1 0 1 1 0 1 1 0 1 0 1 1 1 1 0 1 0 1 1 1 0 0 0 
1 0 0 1 1 1 1 0 0 0 0 1 1 1 0 0 0 1 1 1 0 1 1 1 1 1 0 1 1 1 1 0 0 1 1 0 1 0 0 1 0 0 0 1 1 0 0 1 1 0 0 1 0 1 1 0 1 0 1 0 1 0 0 1 1 0 1 0 1 0 
0 0 0 1 0 0 1 0 1 0 0 1 1 0 0 1 1 1 0 0 0 0 0 0 1 1 0 0 1 1 1 0 1 1 0 0 0 0 0 1 0 0 1 1 0 0 1 1 1 0 0 0 0 1 0 1 0 1 1 0 0 1 0 0 0 1 1 0 0 0 
0 0 1 1 1 1 1 1 0 1 1 0 1 1 1 1 0 1 1 1 0 1 1 1 1 1 0 0 1 1 1 0 1 1 1 1 0 0 1 1 0 1 0 0 0 1 0 1 0 1 0 0 1 0 1 0 1 0 1 0 0 1 0 0 1 1 1 0 1 0 
1 0 1 1 0 0 0 0 0 1 1 1 1 1 0 1 1 0 0 1 0 1 0 1 1 1 1 0 1 0 0 1 0 0 0 0 1 1 1 1 1 1 0 0 1 0 0 1 0 0 0 1 1 1 0 0 1 0 1 0 1 1 0 1 1 1 1 1 1 1 
0 1 1 1 1 1 0 0 1 0 0 0 0 1 1 1 0 0 0 0 0 1 1 1 0 0 0 1 0 1 0 0 0 1 0 0 1 1 1 1 0 1 0 1 0 1 1 1 1 1 0 0 1 1 0 1 0 1 0 0 1 0 1 0 1 1 1 0 1 0 
0 1 0 0 0 1 1 1 1 0 0 0 1 0 0 0 0 1 0 0 1 0 0 1 0 1 0 0 1 1 1 1 1 1 1 0 1 0 1 1 0 0 0 0 1 0 0 0 1 0 0 1 0 0 0 0 0 0 1 0 0 0 1 1 1 1 0 1 0 1 
0 0 1 0 0 0 1 0 1 0 0 1 1 0 0 1 0 0 0 1 1 1 0 0 1 1 0 0 0 1 0 0 1 0 1 1 0 1 0 1 0 0 0 1 0 1 0 1 1 1 1 1 1 0 0 0 0 0 1 1 0 1 1 1 1 0 1 0 1 0 
1 1 0 1 1 1 0 1 1 0 1 0 0 1 1 0 1 1 1 1 0 0 1 0 1 0 0 1 1 1 0 0 0 1 0 1 1 0 1 0 0 0 1 1 0 1 1 0 1 1 0 1 0 0 1 1 0 0 0 1 0 1 0 0 1 0 0 1 0 1 
0 1 0 1 0 1 1 0 0 0 1 0 1 0 1 0 1 0 0 0 0 0 0 0 0 1 1 0 1 1 0 1 0 1 1 0 0 0 1 1 1 1 0 1 0 0 0 0 1 1 0 0 0 0 0 0 0 1 1 1 1 1 0 1 0 0 1 1 1 0 
