10 90 8
256.0 256.0 200.0 307.0 304.0 232.0 250.0 198.0 269.0 273.0 
5.7 3.8 3.0 3.3 4.1 3.6 5.1 3.4 4.1 5.1 5.1 3.9 4.4 2.5 5.1 4.7 3.5 3.9 3.7 4.2 4.4 3.5 4.0 2.9 3.3 4.4 5.0 3.7 5.4 3.7 3.7 4.1 5.4 3.8 5.0 3.9 3.8 4.2 3.5 3.3 3.0 5.5 3.8 5.1 3.5 4.0 4.8 5.2 4.2 3.7 3.4 4.2 3.7 4.6 4.4 3.7 3.9 3.4 4.7 3.1 3.0 2.9 2.8 4.1 4.0 5.3 4.9 4.5 5.0 3.9 2.8 1.5 2.7 2.8 3.4 5.0 2.9 2.8 2.7 3.9 4.5 3.7 4.3 3.4 4.0 4.0 3.7 3.9 4.8 3.2 
1 1 0 1 1 1 0 0 1 0 0 0 0 1 1 0 1 1 0 0 1 0 0 0 0 0 0 1 1 1 1 0 0 1 1 0 0 0 0 1 1 0 1 0 1 1 1 1 1 0 1 0 1 1 1 0 0 0 1 0 0 1 1 0 1 0 1 1 1 1 0 1 0 0 0 1 1 1 1 1 1 0 1 1 1 1 0 0 0 0 
1 0 1 0 1 1 1 0 1 1 0 0 1 1 1 1 0 0 0 1 1 1 0 0 0 1 1 0 1 0 0 0 0 0 1 1 1 1 0 0 0 0 0 0 0 0 1 0 0 1 1 0 0 0 1 0 0 0 0 1 1 1 1 1 1 0 1 1 0 1 0 1 1 0 0 0 0 1 0 1 1 1 1 1 0 1 0 0 1 1 
0 1 1 0 1 0 1 0 0 1 1 0 0 0 1 0 1 1 1 0 0 0 0 0 1 1 0 0 0 0 1 0 1 0 1 0 1 1 1 0 0 0 0 0 1 0 0 1 0 0 1 0 0 0 0 1 0 1 0 1 0 1 0 0 1 0 0 0 0 0 0 1 1 1 1 0 0 0 0 0 1 1 1 0 1 1 0 0 1 0 
0 1 0 0 1 1 1 1 1 0 0 0 0 1 0 0 0 1 1 1 0 0 0 0 1 1 0 0 0 0 1 1 0 1 1 0 1 1 0 1 1 0 1 0 0 1 1 0 0 1 1 0 0 0 0 0 1 0 0 0 0 1 0 1 0 1 0 0 1 0 0 1 0 1 0 0 0 0 1 0 0 1 1 0 0 1 0 1 0 1 
1 1 0 1 0 0 0 1 1 0 0 0 0 0 1 1 1 1 0 0 1 0 1 1 1 0 0 1 1 0 1 1 1 1 0 1 0 0 0 0 1 0 0 1 1 1 0 1 1 1 1 0 1 0 1 1 1 0 1 0 1 0 0 0 1 0 0 0 0 0 0 0 1 0 0 0 1 0 0 0 0 0 1 1 1 1 1 0 1 0 
0 1 0 0 0 0 0 1 1 0 1 1 1 1 0 0 0 0 0 1 0 0 0 0 0 0 1 1 0 1 1 1 1 0 0 1 1 1 1 0 0 0 1 0 1 0 0 0 1 0 1 1 0 0 0 1 0 0 1 1 0 1 1 1 0 0 0 1 1 1 1 1 0 0 0 0 0 1 1 1 0 0 0 0 0 1 0 1 1 1 
0 0 0 1 1 0 0 0 0 0 0 1 0 0 1 0 1 0 1 0 1 1 0 1 1 1 1 0 0 0 1 0 1 1 1 1 0 1 0 0 0 1 1 0 0 0 0 1 1 1 0 0 0 1 0 1 1 1 0 0 0 0 0 1 1 1 1 0 0 1 1 0 0 1 1 0 0 0 0 1 0 0 0 1 0 1 1 1 0 0 
1 1 1 0 1 0 1 1 0 0 1 0 1 1 1 1 1 0 1 1 0 1 0 0 1 0 1 0 0 0 1 1 1 1 0 1 1 0 1 1 0 1 0 1 0 0 1 0 1 0 0 0 0 0 1 0 0 1 1 0 0 0 0 0 1 1 0 0 0 1 1 0 1 1 0 1 1 0 0 0 0 0 0 1 1 1 0 1 1 1 
1 1 1 0 0 1 1 0 0 0 0 1 1 1 1 1 0 1 0 0 0 0 0 0 0 1 0 0 0 0 1 0 0 0 0 0 1 1 1 0 0 0 0 1 1 0 1 0 0 0 1 0 1 1 1 1 1 1 0 1 0 0 1 1 1 1 0 0 0 1 0 1 1 1 1 0 0 1 0 1 1 0 1 1 0 1 0 0 0 0 
1 0 1 1 1 0 0 0 0 1 1 1 1 1 0 1 0 0 1 0 0 0 1 0 0 0 1 0 1 1 1 1 0 1 1 0 0 0 1 1 0 1 0 0 0 1 1 1 0 0 1 1 1 1 0 1 1 1 1 1 1 1 1 0 1 1 1 1 0 0 0 1 1 1 1 1 1 1 1 1 0 0 1 1 1 1 0 1 1 1 
