10 50 8
257.0 235.0 310.0 309.0 196.0 138.0 307.0 231.0 251.0 241.0 
2.8 4.3 4.6 3.8 3.9 3.7 2.9 3.8 5.5 3.9 4.8 3.6 3.8 4.0 4.9 3.7 3.8 3.4 5.1 5.1 2.5 5.1 4.6 4.7 2.4 4.7 3.3 4.4 3.3 4.2 4.2 3.6 4.2 4.6 4.2 3.7 4.4 2.9 3.3 2.6 3.6 3.1 4.2 5.2 4.4 4.9 3.9 4.3 3.0 4.5 
0 1 1 0 1 1 1 0 1 1 0 1 1 0 1 1 0 0 1 1 0 0 1 0 1 0 1 0 0 1 1 1 0 0 1 1 1 0 1 1 1 1 1 0 0 1 0 1 1 1 
1 0 0 0 0 0 0 0 0 0 1 0 1 0 0 0 1 0 0 1 1 0 0 0 0 1 1 0 0 1 0 1 1 1 1 1 1 1 1 1 1 0 0 1 0 1 1 1 1 1 
0 1 0 1 1 0 1 0 1 0 0 0 1 0 0 1 0 1 0 1 1 0 0 1 1 1 1 0 0 0 1 1 0 1 0 0 0 1 0 0 0 0 1 0 0 1 0 1 0 0 
1 0 1 1 1 1 1 1 0 1 0 1 1 1 0 1 1 1 0 1 0 0 1 0 0 1 0 0 1 0 0 0 0 1 0 0 0 0 0 0 0 0 0 1 0 1 1 0 0 0 
1 0 0 1 0 1 1 0 0 1 1 1 1 0 0 0 0 0 1 1 0 0 0 0 1 0 1 0 1 0 1 1 0 0 0 0 1 1 0 1 0 0 1 1 0 0 1 0 1 0 
1 1 0 0 0 0 1 0 1 1 0 1 0 0 0 0 1 1 1 0 0 0 1 0 1 1 0 1 1 0 1 1 1 1 0 0 1 1 0 1 1 0 1 0 0 1 1 1 1 0 
0 0 1 1 1 1 0 0 1 1 1 0 1 0 0 1 1 0 0 0 1 1 1 1 1 1 1 1 1 0 0 0 1 1 0 0 1 0 1 0 0 0 0 1 0 0 0 1 1 0 
0 0 1 1 0 1 0 1 1 1 0 1 0 1 0 0 1 0 0 0 1 0 0 1 0 0 0 0 0 1 1 1 1 0 0 0 1 0 1 1 1 1 1 0 1 0 0 0 0 1 
0 0 0 0 1 0 0 0 1 0 1 0 0 1 1 0 0 1 1 0 1 0 0 1 0 1 1 1 1 1 1 1 1 1 1 0 0 1 0 1 0 0 1 0 1 0 0 0 1 1 
0 1 0 1 1 0 1 1 1 0 0 1 1 0 0 1 1 0 0 0 1 1 0 1 0 1 1 1 0 1 0 1 0 0 1 1 1 0 1 1 0 0 0 1 0 1 0 1 1 1 
