10 70 7
228.0 216.0 269.0 292.0 331.0 277.0 288.0 282.0 168.0 168.0 
4.4 3.3 5.6 3.7 2.7 2.7 3.8 3.2 4.2 4.0 3.8 3.4 2.8 4.0 3.4 4.7 2.0 1.8 2.2 3.0 4.8 4.1 4.5 3.0 3.5 4.6 3.2 3.7 2.9 2.6 4.1 3.3 4.3 4.3 3.2 2.7 2.5 3.9 3.1 3.0 4.3 3.8 3.6 5.6 3.5 2.4 3.0 4.7 4.2 3.9 3.6 3.5 3.2 2.1 4.2 4.1 4.1 3.7 3.6 4.7 2.6 1.7 4.4 3.6 3.0 4.3 3.0 4.0 2.4 3.8 
0 1 1 0 0 0 0 0 1 1 0 0 1 0 0 1 1 1 0 1 1 0 1 0 1 0 1 1 1 0 0 1 0 1 1 1 1 1 0 1 0 1 1 0 1 1 0 0 0 1 0 0 1 0 0 1 0 1 0 0 0 0 0 0 0 0 0 1 1 1 
1 1 0 1 0 0 0 1 1 1 0 1 0 0 0 1 0 0 0 1 1 0 1 1 1 1 1 1 0 0 1 1 0 1 0 1 1 0 1 0 1 1 1 1 0 1 0 0 0 1 1 1 0 1 0 1 1 1 0 0 1 1 1 1 1 0 0 0 0 0 
0 0 1 1 0 1 1 0 1 1 1 1 0 0 0 1 0 1 1 0 0 0 1 1 1 0 1 0 1 1 1 1 0 0 0 0 0 0 1 1 1 1 1 1 1 0 1 1 0 1 1 0 1 1 0 1 1 0 0 1 1 1 1 0 0 0 1 1 0 1 
1 1 1 1 0 1 0 1 0 1 1 1 0 0 1 0 0 0 1 0 0 0 0 1 0 0 0 0 0 1 1 1 0 1 1 0 1 0 0 0 0 1 1 0 0 0 1 1 0 1 0 0 1 1 0 0 0 0 0 1 0 0 0 1 1 0 0 1 0 1 
0 1 1 0 1 0 0 0 0 0 0 1 0 0 1 1 0 1 0 1 1 0 1 1 0 1 0 1 1 1 0 0 0 0 1 0 1 1 0 0 1 0 0 0 1 1 1 1 0 0 1 0 0 1 1 0 0 1 0 1 0 0 1 1 0 0 0 1 0 0 
1 1 0 1 0 1 0 1 1 0 1 1 0 1 0 0 1 1 0 0 1 0 1 0 0 1 0 1 0 0 1 1 0 1 0 0 1 1 1 1 1 1 1 1 1 0 0 1 1 0 0 1 0 0 0 1 1 1 0 1 1 0 1 0 1 1 1 1 0 1 
1 1 1 0 1 1 1 0 0 1 1 0 1 1 0 1 1 0 1 0 0 0 0 0 1 1 0 1 0 1 1 0 0 0 1 0 1 0 0 1 1 0 1 1 1 0 1 0 0 1 1 0 0 0 0 0 0 1 1 1 1 1 1 1 0 1 0 1 0 1 
1 1 0 1 1 0 0 0 1 1 1 1 0 0 1 1 0 1 0 0 1 1 0 1 0 0 0 1 0 1 1 0 1 1 1 1 1 1 1 0 0 1 0 0 1 1 1 0 1 0 0 1 1 0 0 0 0 0 1 0 0 1 0 1 0 1 1 1 0 0 
1 0 0 0 1 1 0 0 0 0 0 1 0 1 0 1 1 0 1 1 1 1 1 1 1 0 1 0 0 0 0 1 0 1 1 0 1 0 0 0 1 1 0 0 1 1 1 1 0 1 1 1 1 0 0 1 0 1 0 0 1 1 0 1 1 0 0 0 0 1 
1 1 1 0 0 0 0 0 0 0 0 0 0 1 1 0 0 0 0 1 1 1 1 0 0 1 1 1 1 0 1 0 1 1 0 0 0 1 0 0 1 0 1 1 1 1 0 0 0 0 0 1 1 1 1 0 1 1 1 0 0 1 0 1 0 0 1 1 1 1 
