10 70 6
261.0 216.0 279.0 302.0 269.0 261.0 204.0 234.0 339.0 247.0 
4.2 3.5 2.0 2.5 2.5 3.5 2.8 2.0 2.9 2.9 3.4 1.7 2.4 4.1 3.5 1.4 3.2 2.2 3.9 2.3 3.1 4.7 4.1 3.9 4.6 2.2 3.6 4.0 1.1 2.9 2.9 2.6 2.4 3.4 4.3 3.3 2.9 3.9 2.6 1.8 2.2 2.0 2.5 2.9 2.3 3.8 4.2 3.2 4.1 3.8 4.8 1.9 3.6 4.2 4.8 3.4 1.0 3.5 2.8 2.9 2.7 3.8 1.7 3.8 3.7 2.7 2.0 2.6 2.7 4.4 
1 0 1 1 0 1 0 0 1 1 0 0 0 0 0 0 1 1 1 0 0 0 0 0 1 0 0 1 1 1 1 1 0 1 1 0 0 1 0 1 0 0 1 1 0 0 1 1 0 0 1 1 0 1 1 0 1 0 1 1 1 1 0 0 0 0 1 1 1 1 
0 0 0 1 0 0 1 1 1 0 0 0 1 0 0 1 0 1 1 1 0 0 0 1 0 1 1 1 1 1 1 1 0 1 1 0 1 1 0 0 1 0 0 1 1 1 1 1 0 1 1 1 1 1 0 0 0 0 0 1 1 0 1 1 0 1 1 1 0 1 
1 0 1 1 0 0 1 1 0 0 1 0 1 1 0 0 0 1 0 1 1 1 1 1 1 1 1 1 1 1 0 1 1 1 0 1 0 0 0 0 1 1 0 1 1 1 1 1 1 0 1 1 1 1 0 1 0 0 1 0 1 1 0 0 0 0 1 0 1 0 
0 1 0 0 0 0 0 0 0 1 0 1 1 1 0 1 0 1 1 1 1 1 1 0 1 1 0 0 0 0 1 0 0 0 1 1 0 1 1 0 0 0 1 1 1 1 0 1 0 1 1 0 1 1 0 0 1 0 1 0 1 0 0 0 1 1 1 1 0 0 
0 0 1 0 0 0 0 1 1 0 0 0 1 0 1 0 1 0 0 1 0 1 1 0 1 1 1 1 1 1 1 1 0 1 0 0 1 1 0 0 1 0 1 0 1 1 1 1 1 0 0 0 1 0 1 0 0 1 1 1 1 0 1 1 0 1 1 0 0 1 
1 0 1 1 1 1 0 0 1 0 1 0 0 0 0 0 1 1 1 1 1 1 0 0 0 1 1 0 0 1 0 1 1 1 1 0 1 1 1 0 0 1 1 1 0 1 0 1 0 1 1 1 1 0 1 0 1 0 1 1 1 0 1 1 0 0 1 0 1 0 
0 1 1 0 0 1 0 0 0 1 0 1 0 1 0 0 0 1 1 0 1 0 0 1 1 0 0 0 1 1 0 1 1 1 1 0 0 1 1 1 0 1 1 1 0 1 1 0 1 1 1 0 0 0 0 1 0 1 1 0 0 1 1 1 0 1 0 1 0 0 
1 1 1 1 1 1 1 0 1 0 1 0 0 1 1 0 1 0 1 1 0 1 1 1 1 1 0 1 0 1 0 1 1 0 0 0 0 0 0 1 1 1 0 1 1 1 1 0 0 0 0 0 0 1 1 0 1 1 0 0 0 1 0 0 1 1 1 0 0 1 
1 0 1 0 0 0 1 1 0 0 0 1 1 0 1 1 0 1 1 0 0 1 1 1 1 0 0 1 0 0 1 0 1 0 1 0 1 1 0 1 0 0 1 1 1 1 1 1 1 1 1 1 1 1 0 0 1 1 0 1 1 0 1 0 1 1 1 1 0 1 
1 1 1 1 1 1 0 0 1 0 1 1 1 1 0 1 0 0 1 0 1 0 0 0 0 1 1 0 1 1 0 0 0 1 1 0 0 0 1 0 1 1 0 1 0 1 1 0 0 1 1 0 1 0 0 1 0 0 0 1 1 1 1 0 0 0 0 1 0 1 
