10 30 5
238.0 270.0 330.0 244.0 242.0 241.0 219.0 252.0 277.0 204.0 
2.1 2.5 2.7 1.2 3.2 1.6 2.0 3.6 2.5 2.6 1.3 3.1 2.8 3.1 3.4 1.8 3.3 2.5 2.6 2.9 2.2 0.5 2.1 1.5 2.1 1.4 3.1 3.6 2.1 2.9 
1 0 1 0 1 1 1 0 0 1 0 1 0 1 0 1 0 1 1 1 0 1 1 0 0 0 0 0 1 0 
0 0 0 0 0 0 0 1 1 1 1 0 1 1 0 0 0 0 1 0 0 0 1 1 0 1 1 1 1 1 
1 1 0 1 0 0 1 0 0 0 0 1 1 1 1 0 0 0 0 0 1 0 0 1 1 0 1 1 1 0 
1 1 0 0 1 1 0 1 0 0 1 0 0 1 0 1 0 0 0 0 1 0 0 0 1 1 0 0 0 0 
1 0 1 1 0 0 1 0 0 0 1 0 0 1 0 0 1 1 1 0 1 1 0 0 0 1 1 1 0 0 
0 0 1 1 1 0 1 1 1 1 1 1 0 0 0 1 1 0 0 0 1 0 1 1 1 1 0 0 1 1 
0 1 1 0 0 1 0 0 0 1 1 0 1 0 0 0 1 0 0 1 0 0 0 0 1 0 0 0 0 1 
1 1 1 0 0 1 0 1 1 0 0 0 1 1 0 1 0 1 0 1 1 0 1 1 1 1 0 1 0 1 
1 1 1 1 1 1 1 1 1 1 1 1 0 0 1 0 1 1 1 1 1 1 1 0 1 1 1 1 1 0 
0 1 0 0 1 1 0 0 0 1 1 1 1 1 0 1 0 0 0 0 1 1 1 1 1 0 0 1 1 1
