10 70 8
241.0 304.0 302.0 264.0 207.0 218.0 226.0 303.0 244.0 303.0 
3.5 3.3 2.6 5.3 2.9 2.5 2.8 3.7 4.0 5.7 4.5 3.5 3.9 5.1 5.7 3.3 3.6 3.7 4.5 5.3 1.8 4.5 3.5 4.2 3.5 4.7 3.7 3.3 2.8 4.7 4.1 3.9 4.0 3.6 6.0 2.9 3.8 2.5 4.4 3.9 5.2 4.7 3.7 4.3 3.8 4.2 5.9 4.1 4.6 3.3 4.8 2.7 4.5 4.0 3.8 6.3 3.9 3.4 4.0 4.3 4.1 3.4 4.1 3.8 3.1 4.0 3.1 4.9 4.5 5.1 
0 0 0 0 1 1 1 0 1 0 0 0 0 0 0 1 1 1 0 1 1 1 1 1 0 1 0 1 1 0 0 0 0 0 1 0 0 1 1 1 0 0 0 0 1 1 1 1 0 0 1 1 0 0 1 0 0 1 1 0 1 0 0 1 1 1 0 1 0 1 
0 1 1 0 0 0 1 1 1 1 0 0 1 1 1 1 0 1 1 1 0 1 0 1 0 1 1 0 0 0 1 0 1 1 1 0 1 1 0 1 0 1 1 0 0 0 1 1 0 0 0 1 0 1 1 1 0 1 1 0 0 1 0 0 1 0 1 0 0 0 
1 0 1 1 0 0 0 1 0 1 0 0 0 1 1 1 1 0 0 1 1 1 1 1 1 1 1 1 0 1 1 0 1 0 1 0 0 0 1 1 0 0 1 0 1 0 1 1 0 0 1 1 1 0 1 1 0 0 1 1 0 1 0 1 1 1 0 0 0 1 
1 0 0 1 0 0 1 1 0 1 0 0 1 1 0 0 1 0 0 1 0 0 0 1 1 1 1 0 0 0 1 1 0 1 1 0 0 1 1 0 0 0 1 1 1 0 0 1 0 0 0 0 0 1 1 0 0 1 0 0 0 0 0 0 1 1 0 0 1 1 
1 0 0 1 0 0 1 1 0 0 0 1 0 0 0 1 1 0 0 0 0 0 1 1 1 0 0 1 0 0 1 0 1 0 0 1 1 0 0 1 1 1 0 1 1 0 1 1 1 1 0 0 0 0 1 1 1 1 0 0 0 1 0 0 1 0 0 1 1 1 
0 1 1 0 1 1 0 1 0 1 1 0 0 1 0 0 0 1 0 0 1 0 0 0 1 0 1 1 1 0 0 1 0 1 0 1 0 0 0 0 0 1 0 0 1 0 0 0 0 0 1 0 0 1 0 0 1 1 1 1 1 0 1 1 1 1 0 1 0 0 
0 0 1 0 1 0 1 1 0 0 1 1 0 1 1 1 0 0 1 0 1 0 1 0 0 0 1 0 1 1 0 1 1 1 1 0 1 1 1 1 0 1 0 1 0 0 0 1 0 1 0 0 0 0 1 0 0 1 1 0 1 0 0 1 1 0 0 1 1 0 
0 1 1 1 0 0 1 0 0 0 0 0 0 0 0 0 1 1 1 0 1 0 0 1 1 0 1 1 1 0 1 1 1 0 1 0 0 1 1 0 1 1 1 0 1 0 1 0 0 1 1 0 1 0 1 0 1 1 0 0 1 1 1 1 1 1 1 0 1 1 
0 0 1 1 1 1 1 1 0 0 1 1 1 0 0 0 0 1 0 0 1 0 1 0 1 1 0 1 1 1 0 0 1 1 0 1 0 1 1 0 1 1 1 0 1 0 0 1 1 0 1 1 1 1 1 1 1 1 0 1 1 0 1 1 1 0 0 1 1 0 
0 0 0 0 1 1 0 1 1 1 0 0 1 1 0 0 1 1 1 0 0 1 1 0 1 0 0 1 1 1 1 1 1 0 0 1 1 0 0 0 1 0 1 1 1 0 0 0 0 0 1 0 1 0 1 0 1 1 0 0 1 0 0 0 1 0 1 0 1 1 
