20 70 6
153.0 248.0 204.0 202.0 318.0 258.0 234.0 267.0 210.0 195.0 184.0 327.0 247.0 286.0 248.0 289.0 190.0 227.0 249.0 206.0 
3.6 4.4 3.6 2.9 3.5 0.5 2.4 3.7 1.7 3.3 1.4 3.4 2.8 4.0 1.6 1.8 2.1 2.3 2.4 2.2 3.2 4.6 2.6 2.1 4.2 2.8 4.1 3.7 2.8 3.4 4.3 2.7 1.0 3.9 3.5 1.9 5.3 2.9 3.2 3.3 4.4 2.2 1.7 3.7 3.4 2.8 2.2 2.9 2.6 3.4 3.4 3.1 0.5 3.4 2.5 2.2 2.3 3.2 3.0 4.1 3.4 2.8 3.4 2.8 3.6 2.6 2.9 1.6 3.2 3.0 
0 0 0 0 0 0 1 0 1 0 0 1 1 0 0 0 1 0 0 1 1 0 0 0 1 0 1 0 1 1 0 0 1 0 1 0 0 0 1 0 0 0 0 1 0 0 0 1 1 0 1 0 0 1 1 1 1 1 0 1 1 1 1 1 1 1 1 0 1 0 
1 1 1 1 0 1 0 0 0 1 0 0 1 1 0 0 0 0 0 1 0 0 0 1 1 1 1 0 1 0 1 0 0 1 1 0 0 1 0 1 1 0 0 0 1 0 0 1 0 1 0 0 1 1 1 1 1 0 1 0 1 1 0 0 1 0 1 0 0 0 
0 0 1 1 1 1 0 1 1 1 1 1 1 0 0 1 0 1 0 0 1 0 0 0 1 0 1 1 1 1 1 1 1 1 1 1 0 0 0 0 1 0 1 0 1 1 1 1 0 0 1 1 0 0 0 0 0 1 0 1 0 1 0 0 0 1 1 0 0 1 
0 1 1 1 1 0 1 0 1 0 0 0 0 1 1 0 0 0 1 0 1 1 1 0 1 1 0 1 1 0 0 1 0 0 1 0 1 0 1 1 0 1 1 0 1 1 1 0 1 1 0 1 1 0 1 1 1 0 1 1 1 0 1 0 0 1 0 0 0 1 
1 0 0 0 0 0 1 1 0 0 1 1 0 1 0 1 0 1 0 0 1 1 1 1 1 0 0 0 1 0 0 1 1 1 0 0 0 1 0 1 0 0 1 1 0 1 1 1 0 1 1 1 1 1 1 0 1 1 1 0 0 0 1 1 0 1 0 1 0 1 
1 1 0 0 1 0 0 1 0 0 0 1 1 1 0 1 0 1 1 0 0 1 0 1 1 0 0 1 0 1 1 0 0 1 0 0 1 1 0 1 1 0 0 1 1 0 0 1 0 1 1 0 1 1 0 1 1 0 0 1 1 1 1 0 1 0 0 1 1 0 
1 0 1 1 0 1 0 0 0 0 0 0 1 1 1 0 0 1 0 0 1 1 0 0 0 1 0 1 1 0 0 1 1 1 0 0 1 1 0 0 0 0 0 0 1 1 0 1 1 0 1 1 1 1 0 1 1 0 0 0 0 0 1 1 0 0 0 0 1 0 
1 0 0 0 0 0 1 1 1 0 1 1 0 0 1 0 1 1 0 1 0 0 1 1 1 1 0 1 1 1 1 1 1 0 1 0 0 0 1 0 1 0 1 1 1 1 0 1 0 0 0 1 0 1 1 0 1 0 0 0 0 0 0 1 0 1 1 0 1 0 
1 1 0 0 1 1 0 0 0 1 1 1 0 1 1 1 1 1 0 1 1 0 1 0 0 1 1 0 1 1 0 1 0 1 0 0 0 0 0 1 0 0 1 0 0 1 0 1 0 1 0 1 0 0 1 0 0 1 1 1 1 0 0 1 1 0 1 1 1 0 
1 1 1 1 0 0 1 1 1 0 0 1 1 1 1 0 1 0 0 0 0 0 0 1 1 0 1 0 1 1 0 1 1 0 0 0 0 0 1 1 0 1 1 1 0 1 0 1 0 0 0 1 0 0 1 1 1 0 0 0 1 0 1 0 0 1 0 1 1 0 
0 0 0 0 1 1 0 1 0 0 1 0 1 1 0 0 1 0 1 0 0 1 0 0 1 1 1 0 0 0 0 0 0 1 0 1 0 1 0 0 1 1 1 0 1 0 1 0 1 0 1 1 1 1 0 0 1 1 1 0 1 0 1 1 0 1 0 1 1 0 
0 0 1 1 0 0 0 1 0 1 1 1 0 1 1 0 1 1 1 0 0 1 0 1 1 1 0 0 1 1 0 1 1 0 0 1 1 1 1 0 1 0 0 1 1 0 0 1 0 0 1 0 1 1 1 0 0 1 1 1 0 0 1 0 1 0 1 0 0 1 
1 0 1 0 0 0 0 1 0 1 1 1 1 1 0 0 0 1 1 1 1 1 1 1 0 1 0 0 0 1 0 0 1 1 0 1 1 0 0 1 0 1 1 1 1 1 1 1 0 1 1 0 1 1 0 1 0 0 1 0 1 1 0 0 0 1 1 1 0 1 
0 0 1 1 1 1 0 1 0 0 0 1 0 0 0 1 0 1 1 1 1 0 0 0 0 0 0 1 1 1 0 1 1 0 1 0 0 0 0 0 1 0 0 0 1 1 0 1 1 0 0 0 0 0 1 0 0 0 1 1 1 0 1 1 1 1 0 1 0 0 
1 0 1 0 1 1 0 1 0 0 0 0 1 1 0 1 1 1 0 0 1 1 1 0 1 1 0 0 0 1 1 1 1 1 1 1 0 0 1 0 0 1 1 1 0 1 0 0 0 0 0 1 1 0 1 0 1 0 0 0 0 1 0 1 0 1 0 1 1 0 
1 0 0 1 0 1 0 1 1 0 1 1 0 1 1 1 0 0 0 1 1 1 1 1 0 0 1 0 1 1 1 0 1 0 1 0 0 0 0 1 0 0 0 1 0 0 1 1 0 0 1 1 0 1 0 0 0 0 0 1 1 0 0 0 1 1 1 0 1 1 
1 0 0 1 1 1 1 0 1 0 1 0 0 1 1 0 1 1 0 0 0 0 0 0 1 0 0 0 0 1 0 1 0 1 0 1 1 1 1 0 0 1 0 1 0 0 0 1 1 1 1 0 0 0 0 1 0 0 1 0 1 0 1 0 0 1 1 1 0 1 
1 1 1 0 0 0 1 0 0 1 1 0 0 1 0 1 1 0 1 0 0 1 1 0 0 0 1 0 1 0 1 0 1 1 1 0 1 1 1 0 0 1 0 1 1 1 1 1 0 0 0 0 1 0 0 0 1 0 1 0 1 0 1 1 0 1 1 0 1 1 
0 1 0 0 0 0 1 0 0 0 0 0 0 1 1 0 0 0 1 0 0 0 0 0 0 1 0 1 0 0 0 1 1 1 0 0 1 0 0 1 0 1 1 0 1 1 0 0 0 0 0 0 0 0 0 1 1 1 0 0 0 0 1 0 1 0 1 1 1 1 
1 0 1 0 0 0 0 0 1 1 0 1 1 0 0 0 1 0 0 0 0 1 0 1 0 1 0 1 0 1 1 0 0 0 0 1 1 0 0 0 1 1 0 0 1 0 0 0 0 0 1 0 0 0 0 1 0 1 1 1 0 0 1 0 1 1 1 0 1 0 
