20 90 5
196.0 256.0 256.0 286.0 363.0 317.0 327.0 152.0 191.0 269.0 334.0 254.0 168.0 289.0 332.0 264.0 219.0 188.0 257.0 284.0 
2.9 2.5 2.1 1.4 2.0 4.2 3.1 2.1 2.1 3.8 2.5 4.4 2.1 3.1 2.5 3.6 4.9 1.8 3.2 3.4 4.0 2.1 2.1 2.4 0.7 3.7 4.0 2.3 2.9 2.4 4.0 3.4 2.6 2.0 2.9 3.5 2.7 1.9 4.5 3.7 1.2 2.9 1.9 2.4 2.3 2.5 2.4 1.7 4.0 2.7 1.3 2.2 1.5 2.3 1.9 2.4 3.8 2.0 3.1 4.2 1.9 2.1 1.6 2.8 3.1 3.3 3.0 2.2 1.5 2.0 3.7 3.1 3.0 1.6 2.8 2.7 2.3 2.6 3.2 3.6 3.0 2.8 3.4 2.9 2.1 2.3 2.8 3.1 1.9 2.4 
1 1 0 1 1 0 0 1 1 0 1 0 1 0 0 1 0 0 1 1 1 1 0 0 1 1 0 0 0 1 1 1 0 1 0 1 1 1 0 0 1 1 1 0 1 0 1 1 0 1 0 0 1 0 0 1 0 1 0 0 1 1 1 0 1 1 1 0 0 0 1 0 0 1 1 1 1 1 1 1 0 0 1 0 0 1 0 0 1 1 
0 0 0 1 1 1 0 1 0 1 0 1 0 0 1 0 0 1 0 0 1 1 0 1 0 1 0 0 0 0 1 1 1 0 1 1 0 0 1 1 0 0 1 0 0 1 1 0 1 0 0 0 1 1 1 1 0 0 1 1 0 0 0 1 1 1 1 1 0 1 1 1 1 1 1 1 0 1 1 1 0 1 1 0 1 0 1 0 0 0 
1 1 0 1 0 1 0 1 0 0 1 0 0 1 1 1 0 0 1 0 0 0 1 1 1 1 1 0 1 0 0 0 1 1 0 1 1 0 1 1 1 1 1 1 0 0 1 1 1 0 1 0 1 0 0 0 0 0 0 1 1 1 0 0 0 1 1 1 0 0 0 1 0 1 1 0 0 1 0 1 1 1 1 1 0 0 1 1 1 1 
0 0 0 0 0 1 0 1 0 0 0 0 0 1 0 0 1 1 1 1 0 0 0 0 0 0 0 1 0 1 1 1 1 0 0 1 0 1 1 0 1 1 0 0 1 1 1 0 0 0 0 0 0 0 0 1 1 1 1 1 1 1 0 0 0 1 0 0 0 0 1 1 1 0 0 0 1 0 0 0 0 1 1 1 1 1 0 1 0 1 
1 1 1 1 0 0 0 0 0 1 1 0 1 1 1 1 1 0 0 1 1 0 0 1 1 1 0 0 1 0 1 1 0 0 0 1 0 1 0 1 0 0 1 1 0 0 1 1 1 1 1 1 1 1 1 0 1 1 1 1 0 1 1 0 1 1 0 1 1 0 0 0 1 0 0 0 0 0 1 0 1 0 0 1 0 0 0 1 0 0 
0 0 1 0 1 0 1 0 0 0 1 0 0 0 0 0 1 0 0 1 0 1 1 0 1 0 1 0 0 0 0 1 0 0 0 0 1 0 1 1 0 1 0 0 0 0 1 1 0 0 0 0 0 1 1 1 0 1 1 1 1 1 1 1 1 1 0 1 1 1 0 0 0 1 0 0 1 1 1 0 1 0 1 0 1 1 0 1 1 1 
0 0 1 1 1 1 0 0 0 1 0 0 1 1 1 1 1 0 0 0 0 0 1 1 1 0 0 1 0 0 0 1 0 0 0 0 0 0 1 1 0 0 0 1 1 1 1 0 0 1 1 0 0 0 1 1 0 0 1 1 1 1 1 1 0 1 0 0 0 1 1 0 1 1 1 0 0 1 0 1 0 0 0 1 1 1 1 1 0 1 
1 1 1 0 0 0 0 0 1 0 0 1 0 1 1 1 1 0 1 1 0 0 1 0 1 1 0 1 1 0 1 1 0 0 1 0 0 1 0 0 0 0 0 0 0 0 0 1 1 0 1 1 1 1 0 1 0 1 1 0 1 1 0 0 1 1 1 1 1 1 0 1 1 0 0 1 1 0 0 0 0 1 0 1 1 0 0 0 0 0 
1 0 0 0 1 0 0 1 1 1 0 1 1 1 0 1 0 0 1 1 0 1 1 1 1 0 0 1 1 0 1 1 0 0 1 0 0 0 0 0 1 0 1 0 1 1 0 1 0 1 1 1 0 1 1 0 1 1 0 0 1 0 1 0 0 1 1 1 0 0 0 0 1 1 0 0 1 0 1 0 0 1 0 1 1 1 1 1 1 1 
1 0 1 1 0 0 1 1 1 0 1 0 1 1 1 0 1 1 1 1 1 1 1 1 1 0 0 0 1 0 1 1 1 0 0 1 0 1 0 1 0 0 1 1 0 1 1 0 0 1 1 0 0 1 1 0 0 1 0 0 1 1 0 0 0 0 1 0 1 0 1 0 1 1 1 1 1 0 1 0 0 0 0 0 0 1 0 1 0 1 
1 1 0 0 1 0 1 0 0 1 1 1 1 0 0 0 0 0 0 1 0 1 1 0 0 1 1 1 0 1 0 1 1 0 1 0 0 0 1 0 0 0 0 1 0 0 0 1 1 0 0 1 0 0 0 0 1 0 0 0 1 1 1 1 0 1 0 1 1 1 1 1 1 0 1 0 1 1 0 1 0 1 0 1 0 0 1 1 1 1 
1 0 1 0 1 1 0 0 0 1 1 0 0 0 1 1 0 1 1 0 1 0 0 0 1 0 1 0 1 0 1 1 0 1 1 0 1 1 0 0 0 1 0 0 1 1 1 1 1 1 1 1 0 0 0 0 1 1 1 1 0 0 0 0 0 0 0 1 0 1 0 0 0 0 1 0 0 1 0 1 0 1 1 0 1 0 1 1 0 0 
0 1 0 1 1 0 1 0 1 1 0 0 1 1 0 1 1 0 0 0 0 0 1 1 1 1 1 1 1 0 0 1 1 0 1 0 0 1 1 0 1 0 1 0 0 0 1 1 1 0 1 1 0 1 1 0 1 0 0 0 1 1 0 0 1 0 0 1 1 1 1 0 0 1 0 0 1 0 1 1 0 1 1 1 0 1 0 1 1 0 
1 0 0 1 0 0 1 0 0 1 0 1 1 1 1 1 0 0 1 1 1 0 1 1 1 1 1 0 0 0 1 0 0 1 0 0 1 0 1 0 1 0 0 0 0 0 1 1 0 0 1 1 0 0 0 1 0 0 1 0 0 1 1 1 0 1 0 0 0 1 1 0 1 1 1 0 0 1 0 1 1 0 0 0 0 0 1 1 1 0 
0 1 0 1 0 1 1 0 1 1 0 0 1 1 1 0 0 1 0 0 1 0 0 0 1 0 1 0 1 0 1 0 0 0 1 0 0 1 1 1 0 0 1 1 1 1 1 0 1 0 1 0 1 1 0 1 1 1 1 1 0 0 0 0 0 0 1 1 0 0 0 1 0 0 0 0 1 0 0 1 1 0 1 1 0 0 0 0 0 1 
1 1 1 0 1 1 0 0 1 1 1 0 0 0 0 1 0 1 0 1 0 0 1 0 0 1 0 0 0 0 0 0 1 0 1 1 1 0 0 1 0 1 1 0 0 1 1 1 1 1 0 0 0 0 1 1 0 1 1 0 1 0 0 1 1 0 1 1 1 0 1 0 0 0 1 1 0 0 0 0 1 1 0 0 1 1 0 0 1 0 
0 1 1 0 0 0 1 1 1 0 0 1 0 1 0 0 1 1 1 1 0 1 0 1 0 1 1 0 0 1 1 0 0 0 1 0 1 0 0 0 1 1 0 1 0 1 0 0 0 1 1 0 0 1 1 1 1 1 1 1 0 0 1 1 0 0 1 0 0 0 0 1 0 1 1 1 0 1 1 0 1 1 0 0 1 0 0 1 1 1 
0 0 0 1 0 1 0 1 0 0 1 0 1 0 0 0 1 1 0 1 0 0 1 0 0 0 0 1 1 1 0 1 1 0 1 1 1 1 1 1 0 1 0 0 1 0 0 1 1 0 0 1 0 0 0 0 0 0 1 0 0 1 0 0 0 0 0 0 0 1 1 1 0 1 0 1 1 0 1 0 0 1 1 1 1 0 1 0 1 1 
0 1 1 1 0 0 0 0 1 0 1 0 1 1 1 0 0 1 0 0 1 1 0 1 0 1 1 1 0 0 0 1 1 1 0 0 0 0 1 1 0 1 0 1 0 0 0 0 0 0 1 1 0 1 1 1 0 1 1 0 0 1 0 1 1 1 1 1 0 1 1 0 1 1 0 1 1 1 0 1 0 0 1 1 0 0 0 0 1 1 
0 1 0 0 1 0 1 1 0 0 0 0 0 1 1 0 0 1 0 0 0 0 1 0 0 0 1 1 1 0 0 0 0 0 0 0 1 0 0 0 1 1 0 1 1 0 0 0 0 0 1 0 1 1 0 0 0 0 0 0 0 0 0 0 0 0 0 1 0 1 1 0 0 1 0 1 1 0 0 1 0 0 1 1 0 0 1 1 0 1 
