20 70 7
346.0 203.0 270.0 303.0 247.0 215.0 225.0 162.0 228.0 211.0 270.0 182.0 257.0 168.0 322.0 264.0 183.0 208.0 360.0 198.0 
3.1 3.8 4.0 2.6 4.2 4.6 1.6 1.6 3.5 4.1 3.5 4.1 2.4 2.9 3.2 4.3 3.6 2.5 5.1 3.4 1.6 3.0 3.9 4.3 2.9 2.7 2.9 2.1 5.1 2.9 2.4 2.8 2.4 0.9 2.6 4.7 3.1 3.9 2.9 3.6 4.1 4.1 3.8 4.8 2.6 2.9 4.4 1.9 3.7 4.4 2.9 2.1 3.7 4.1 3.7 2.2 2.4 3.1 3.5 3.7 3.9 4.8 4.3 3.1 2.4 3.2 2.9 4.5 3.4 2.6 
0 0 0 0 1 1 1 0 1 1 0 1 0 1 0 0 0 1 0 0 0 0 1 1 0 0 0 0 1 1 1 1 1 1 1 0 0 1 0 0 1 0 0 0 0 0 1 1 0 1 0 0 0 0 1 1 0 0 1 0 0 0 0 0 1 1 1 1 0 0 
1 0 1 1 1 1 0 0 0 0 1 1 0 1 0 0 1 0 1 0 1 1 1 0 0 1 1 1 0 1 0 0 0 1 1 0 0 1 0 0 0 1 1 1 0 1 1 0 0 0 1 0 1 1 1 1 0 1 0 1 0 0 1 0 1 0 0 1 0 0 
0 1 1 1 0 0 0 1 1 0 1 0 0 1 1 1 0 0 0 0 0 1 0 1 0 1 0 0 1 1 1 1 1 0 1 0 1 1 0 0 0 0 0 1 1 1 0 0 1 0 1 0 1 0 0 0 0 0 1 1 0 0 0 1 0 1 1 1 1 1 
1 1 0 1 0 0 0 0 0 0 0 0 1 0 1 1 0 1 0 1 0 1 1 0 1 0 0 0 0 0 1 1 1 0 0 1 1 0 1 1 0 1 1 1 1 0 0 1 1 0 0 0 0 0 0 0 1 0 0 0 0 0 1 1 1 0 0 1 0 0 
1 0 0 0 0 0 1 0 0 0 0 1 0 0 0 0 0 0 0 1 0 1 1 0 0 1 1 1 0 0 0 1 1 1 1 1 1 1 1 1 1 1 0 1 1 1 0 1 0 1 0 0 1 1 1 1 1 1 1 0 0 0 0 1 1 0 0 1 0 1 
1 0 0 1 0 0 0 1 0 1 1 1 1 0 0 1 1 1 0 0 1 0 0 0 0 0 1 1 1 0 0 1 1 0 1 0 0 1 0 0 0 0 0 1 0 0 1 1 1 1 0 0 1 0 1 1 1 1 0 0 1 1 0 0 0 1 1 1 1 1 
1 1 0 1 1 0 0 0 1 0 1 1 0 1 0 1 1 1 0 0 1 0 1 1 0 1 1 0 1 0 1 0 0 0 0 1 1 0 1 0 0 1 1 0 1 1 0 1 0 0 0 0 0 0 1 0 1 1 0 0 1 1 0 0 0 0 0 0 0 1 
0 0 1 0 0 1 1 1 0 1 1 0 0 0 1 1 0 0 0 0 1 1 1 1 0 1 1 0 0 1 0 0 0 1 0 1 0 1 1 0 1 0 0 0 0 1 1 1 1 0 0 0 0 1 0 1 0 0 1 1 1 1 1 1 0 0 0 1 0 1 
1 1 1 1 1 1 0 1 0 0 0 1 0 1 0 1 1 1 0 0 1 1 1 1 1 1 1 1 0 0 0 1 1 0 0 1 1 1 1 1 0 0 0 1 0 0 1 0 1 1 0 0 1 1 0 1 0 1 0 0 1 1 1 0 1 1 0 1 0 1 
0 0 0 1 1 1 0 1 0 0 0 0 0 0 1 1 0 1 0 1 0 0 0 0 0 1 0 0 1 0 1 1 0 1 1 0 1 1 1 1 0 1 1 1 0 0 1 1 1 0 1 1 1 1 1 0 0 1 0 1 0 1 1 0 1 1 1 0 0 1 
0 0 0 1 0 1 0 0 1 1 1 1 0 1 0 1 0 1 1 1 1 1 0 0 1 0 1 1 0 0 1 1 1 1 1 1 0 1 1 1 0 1 0 0 0 1 1 0 0 0 1 0 0 0 0 1 1 1 0 0 0 0 0 0 1 1 0 0 1 1 
0 1 1 0 1 1 1 1 0 0 1 0 1 1 0 1 0 1 1 0 0 1 1 1 0 1 0 0 0 0 1 1 0 1 1 1 1 1 1 0 1 1 0 0 0 1 1 0 1 1 1 1 1 0 0 1 1 0 1 1 1 0 1 1 1 0 1 1 1 1 
1 0 1 1 1 1 0 0 0 1 1 0 1 0 0 1 1 0 1 0 1 1 1 1 1 1 0 0 0 0 0 1 0 0 0 1 0 0 0 1 0 0 0 0 1 1 0 0 1 1 1 1 1 1 0 0 1 0 1 1 0 1 1 1 0 0 1 1 0 1 
1 1 1 1 0 1 0 0 1 1 0 0 1 1 0 0 1 1 1 0 1 1 1 1 0 0 1 0 1 1 1 0 1 1 1 1 0 0 0 1 1 1 0 1 1 1 1 0 0 0 1 1 1 0 0 0 0 1 0 1 0 0 0 0 0 0 0 1 0 0 
0 1 1 1 1 1 1 1 0 0 0 1 0 1 0 0 1 1 0 0 0 0 1 1 1 0 0 1 1 1 0 0 0 1 0 0 0 0 0 0 1 0 1 0 0 0 0 0 0 1 1 0 1 0 0 0 1 0 0 0 1 0 0 0 1 0 1 1 1 0 
1 1 1 1 0 0 0 1 1 0 1 0 1 1 1 1 0 0 1 0 1 0 1 1 1 0 1 1 0 1 0 1 1 0 1 0 1 0 0 1 0 1 1 1 0 1 1 1 0 0 1 1 1 1 0 0 0 1 1 0 1 1 1 0 1 0 0 1 0 0 
1 1 1 0 1 0 1 0 1 1 0 1 0 1 1 0 1 1 0 0 0 0 1 0 0 1 0 0 1 1 0 0 1 1 0 0 1 1 1 0 0 1 1 1 1 1 1 0 1 0 1 1 0 1 0 1 0 1 1 1 0 1 0 1 0 0 1 0 1 1 
1 1 1 0 1 1 1 0 1 0 1 1 0 1 0 1 0 0 0 1 1 0 1 1 1 0 1 0 0 1 0 0 1 1 1 0 0 1 0 0 0 0 1 0 1 0 0 1 0 0 1 1 0 0 1 1 1 0 1 1 0 0 1 1 1 1 0 1 0 0 
0 0 1 0 0 1 1 0 1 0 0 0 0 0 0 1 0 0 1 0 0 1 0 0 1 0 0 1 0 0 0 0 1 0 1 0 0 0 0 1 0 1 0 0 1 0 1 0 1 1 1 0 0 1 1 1 0 1 1 0 1 0 0 1 1 0 1 0 1 0 
1 0 1 0 0 0 0 1 0 1 1 0 0 0 1 1 0 1 1 0 0 1 0 0 0 1 0 1 1 1 0 1 1 0 0 0 0 0 1 0 0 0 0 0 1 0 0 1 0 1 1 1 0 1 1 0 0 0 0 1 1 1 1 0 0 0 0 1 0 1 
