20 50 5
232.0 195.0 243.0 273.0 364.0 256.0 232.0 235.0 231.0 235.0 279.0 227.0 226.0 194.0 316.0 291.0 252.0 240.0 207.0 229.0 
1.8 3.3 1.5 2.4 3.6 4.0 1.4 0.1 2.0 3.1 3.4 4.2 2.4 2.1 3.3 2.7 2.8 2.1 2.1 2.4 3.2 2.6 1.7 3.1 2.4 1.7 1.6 2.5 3.6 3.6 1.1 3.5 2.6 3.4 2.8 1.4 2.8 3.9 4.6 3.5 0.4 3.2 2.8 2.2 1.6 3.9 0.4 1.7 2.0 2.1 
1 1 1 1 0 0 1 0 1 1 0 0 1 1 0 0 1 1 0 1 1 0 1 0 1 1 0 1 0 1 1 0 1 0 1 1 1 0 0 1 0 1 1 1 0 1 1 0 0 1 
0 1 0 1 0 0 1 1 0 0 1 0 0 1 1 1 0 1 0 1 1 1 0 1 0 0 1 0 1 1 1 0 0 0 0 1 1 1 0 0 0 1 1 1 0 1 1 1 0 1 
1 0 0 0 0 1 0 0 0 0 0 1 1 0 0 0 1 0 0 1 0 1 1 0 1 1 1 1 1 1 1 1 0 0 1 1 0 1 0 0 0 1 0 0 0 0 0 0 1 0 
0 1 1 0 0 0 1 1 1 1 1 1 0 0 1 0 0 1 1 0 0 1 1 1 1 1 1 0 0 0 1 1 1 1 0 0 1 1 0 1 0 0 1 0 1 1 1 0 1 1 
0 1 1 1 1 1 1 0 1 1 1 1 1 1 1 1 1 0 0 0 0 1 0 1 1 0 1 1 0 0 1 1 0 0 1 0 0 1 0 0 0 1 1 1 0 0 1 0 1 1 
0 1 1 1 1 1 1 0 0 1 0 0 0 1 1 0 1 0 0 0 0 0 1 1 0 1 1 0 1 0 0 1 1 1 0 0 1 0 1 1 0 1 1 0 0 0 0 1 1 0 
0 1 1 1 1 0 1 0 0 1 1 0 0 1 1 1 0 1 1 0 1 1 1 0 1 0 1 0 0 0 0 0 1 1 1 0 1 1 1 1 1 1 0 0 0 0 1 1 1 1 
0 0 0 0 0 0 0 1 1 0 0 1 1 0 0 0 0 0 0 1 0 0 0 1 1 0 0 1 1 0 0 1 1 0 0 1 1 0 1 0 0 1 1 1 1 1 0 0 1 1 
0 1 1 0 0 0 0 0 1 0 1 0 0 0 0 0 0 0 1 0 1 1 1 1 0 1 0 0 1 0 1 0 1 0 1 1 1 0 1 1 0 0 0 0 0 0 1 1 0 0 
1 1 0 0 1 0 0 0 1 1 1 1 1 0 1 1 0 1 1 0 1 1 1 0 1 0 0 1 0 1 1 0 1 0 1 0 1 1 0 0 0 1 0 0 0 1 0 0 0 1 
0 1 0 1 0 0 1 1 1 1 0 0 0 0 1 0 1 1 1 0 0 1 1 1 1 1 0 0 1 0 0 0 0 1 0 1 0 1 0 1 1 0 1 0 1 0 0 0 0 0 
1 1 0 1 0 0 0 0 0 1 0 1 1 0 0 0 1 1 1 0 0 1 1 0 1 1 0 1 1 1 1 1 1 1 0 0 1 1 1 0 0 0 1 1 1 1 1 0 1 0 
0 0 1 0 1 1 1 0 0 0 1 1 0 1 0 0 0 0 0 0 1 1 0 1 0 1 0 1 1 1 0 1 0 1 1 1 0 0 0 0 1 0 0 0 0 1 0 0 1 0 
0 1 1 1 0 1 0 1 1 1 1 0 0 1 0 1 1 0 0 0 0 1 1 1 0 0 1 0 0 0 1 1 1 0 1 1 1 0 0 1 0 1 0 0 1 1 0 1 1 0 
0 1 0 0 0 1 0 0 0 1 1 1 1 1 0 1 1 1 1 1 0 0 0 0 0 0 1 0 0 0 0 1 0 0 1 1 0 0 1 0 1 1 0 1 0 1 1 1 0 0 
0 1 1 1 0 0 0 0 1 1 1 0 1 1 0 0 1 1 0 1 0 1 1 1 0 1 1 0 1 0 1 1 1 1 0 0 1 1 1 1 0 0 0 1 1 1 0 1 1 1 
1 1 1 1 1 1 0 0 0 1 1 1 1 1 0 1 1 0 0 1 0 0 0 1 1 1 1 1 1 1 1 0 0 0 0 0 1 0 1 0 0 0 0 0 1 1 1 0 0 1 
0 0 1 0 0 0 0 0 0 0 0 1 1 1 1 0 1 0 1 1 0 1 0 0 1 0 1 0 0 1 1 0 0 0 0 1 0 1 0 0 0 0 1 0 1 1 1 1 0 1 
1 0 1 0 0 1 1 1 0 0 1 1 0 0 0 0 0 1 0 1 1 0 0 1 1 1 0 1 1 1 1 0 0 1 0 1 1 1 1 0 0 0 1 1 0 1 0 1 0 1 
1 1 0 0 0 0 0 0 1 1 0 0 0 0 0 0 1 0 0 0 0 1 0 1 0 0 1 1 1 0 1 0 1 0 0 0 1 0 0 1 0 0 0 1 0 0 0 1 1 1 
