20 30 8
208.0 223.0 241.0 201.0 284.0 216.0 214.0 333.0 333.0 270.0 263.0 229.0 170.0 209.0 294.0 216.0 261.0 289.0 283.0 333.0 
4.2 4.2 2.6 4.7 3.7 2.9 2.6 4.1 3.6 3.2 2.8 4.8 3.8 4.3 2.5 2.7 4.2 3.9 3.8 5.4 5.8 5.0 3.1 3.9 4.8 3.1 4.6 2.1 4.0 5.9 
0 0 0 0 1 1 0 1 0 1 0 1 0 0 0 0 0 0 1 1 1 0 0 0 0 1 0 1 1 1 
0 0 1 1 0 0 0 1 0 1 0 0 0 0 1 0 1 0 1 0 0 1 0 1 1 0 0 0 1 1 
0 0 1 0 1 1 0 0 1 0 0 1 0 1 0 0 1 1 1 1 0 0 1 1 1 1 1 1 1 1 
1 1 1 1 0 1 0 1 1 1 0 0 1 0 0 0 1 0 1 0 1 0 0 0 0 0 1 0 0 1 
0 1 0 1 0 0 0 1 1 1 0 1 0 0 1 0 0 0 1 1 0 0 0 1 0 0 1 1 0 0 
1 1 1 1 1 0 0 1 0 1 1 0 1 1 0 1 0 0 1 0 0 1 1 1 1 0 0 1 0 1 
1 0 1 1 1 1 0 0 0 0 0 0 1 0 1 0 0 1 1 0 1 0 0 1 0 1 1 1 0 1 
1 1 1 0 0 0 0 1 0 1 1 0 1 1 1 0 1 1 1 0 1 1 0 0 1 0 1 1 1 1 
0 0 0 1 0 0 0 1 0 0 1 0 1 1 0 0 0 0 0 1 0 1 0 1 1 1 0 0 0 1 
0 1 1 0 0 0 1 0 1 0 0 1 1 0 1 1 0 1 0 0 0 0 0 1 1 1 1 0 0 1 
1 0 1 0 0 0 1 0 1 1 0 1 1 0 1 1 1 1 0 1 0 0 1 1 0 0 1 1 1 0 
0 0 1 0 0 0 0 0 1 0 1 1 0 0 1 1 0 0 0 1 1 0 0 0 1 1 1 1 1 1 
0 0 1 1 0 0 1 1 0 0 1 0 0 0 0 0 0 0 0 0 1 0 0 1 1 1 1 1 1 1 
0 1 0 1 1 0 1 0 1 1 0 1 0 1 1 1 0 1 1 1 0 1 1 0 1 1 1 1 0 0 
0 0 0 1 1 1 1 1 0 1 1 0 0 0 0 1 0 1 1 0 1 0 0 0 1 1 1 1 1 1 
0 0 1 0 1 0 0 1 1 0 1 1 0 1 1 0 0 0 1 1 1 1 0 0 0 1 0 0 0 0 
0 0 0 1 0 0 0 0 1 0 0 1 1 0 1 0 1 0 0 1 1 0 1 0 1 1 0 0 1 0 
1 0 0 0 0 0 1 1 1 1 0 1 1 0 1 1 0 1 0 0 0 0 1 1 1 0 0 1 1 1 
0 0 0 1 1 1 0 1 0 0 1 0 0 1 1 1 1 0 1 0 1 1 1 1 1 0 0 0 0 0 
1 1 0 1 1 1 0 1 0 0 1 1 0 0 0 0 1 0 1 1 1 0 0 0 0 1 0 1 0 0 
