20 70 8
359.0 348.0 291.0 139.0 185.0 280.0 297.0 225.0 320.0 287.0 251.0 197.0 323.0 239.0 222.0 274.0 231.0 194.0 309.0 199.0 
3.7 2.7 5.7 3.6 2.7 3.7 4.0 3.8 3.5 5.6 3.7 4.5 4.3 3.3 5.0 2.7 4.9 5.5 4.0 3.0 3.5 4.0 5.6 4.5 4.8 4.3 3.7 3.2 2.3 3.6 3.8 4.5 4.9 5.1 2.9 4.8 4.6 3.9 3.1 3.9 5.0 3.0 5.1 3.6 3.7 3.9 2.7 3.3 2.2 4.4 3.3 4.2 3.6 0.7 3.4 3.7 3.4 2.4 3.2 4.4 2.5 4.0 2.7 3.3 4.6 4.7 5.4 3.8 4.6 3.1 
0 1 0 0 0 1 0 1 0 1 1 1 1 1 1 1 1 1 0 1 1 1 1 0 1 1 1 1 0 0 1 0 1 1 0 1 0 1 1 1 1 0 1 0 1 1 1 0 1 1 1 0 1 0 1 0 0 0 0 1 0 1 0 0 0 0 1 0 0 1 
0 0 1 0 0 0 1 1 1 1 1 0 0 1 0 1 0 0 1 1 1 1 1 1 1 0 0 1 1 1 0 1 1 0 1 0 1 0 1 1 1 1 1 0 1 1 0 1 0 0 1 1 1 0 1 0 1 0 0 1 0 0 1 0 1 1 1 0 0 1 
0 1 0 0 0 1 0 0 1 1 1 0 0 0 1 0 0 0 1 0 1 0 1 1 0 0 1 0 1 0 0 1 0 0 0 0 0 1 1 1 1 1 1 0 1 0 0 0 1 1 1 0 1 0 0 1 1 1 0 0 1 0 0 1 1 1 0 1 1 0 
0 1 0 1 0 1 1 0 1 0 0 1 0 0 0 0 0 1 0 0 1 1 1 1 1 0 1 1 1 0 1 0 0 0 0 0 0 1 1 0 0 1 1 0 0 0 1 1 1 0 0 0 0 1 0 1 0 0 1 1 1 0 0 1 1 1 0 0 1 0 
1 1 1 1 1 1 0 1 1 0 1 1 1 1 1 0 0 1 0 1 1 0 0 0 0 1 0 1 1 1 0 0 0 0 1 0 1 0 0 1 0 0 0 1 0 0 0 1 0 1 0 1 1 1 0 1 1 0 0 0 1 0 1 1 0 0 0 0 0 1 
0 0 1 0 0 1 0 1 1 0 1 0 0 1 1 0 1 1 0 1 1 0 0 1 0 1 0 1 0 0 1 1 1 0 1 1 1 0 0 1 1 0 1 0 1 0 0 1 1 1 0 0 0 1 1 0 0 0 0 0 0 1 0 1 1 1 1 1 0 0 
1 0 0 0 1 1 1 1 0 1 1 0 0 0 1 1 1 0 1 0 1 0 1 1 1 0 1 1 1 1 0 0 1 1 1 0 1 1 1 1 1 0 0 1 0 0 0 0 1 1 1 1 0 0 0 0 1 1 1 1 0 0 1 1 1 0 1 1 1 1 
1 0 0 1 0 0 1 0 0 0 1 0 0 0 0 1 1 0 1 0 1 1 0 1 1 1 1 1 1 1 0 1 1 1 0 1 0 1 1 1 1 0 1 0 0 0 1 0 0 0 0 0 0 0 1 1 1 0 1 0 0 0 1 1 1 1 0 1 1 1 
1 0 0 1 0 1 1 1 1 1 1 1 1 0 1 1 0 1 0 0 1 0 1 1 1 0 0 1 0 0 0 0 1 1 0 1 0 0 0 1 1 0 0 0 0 1 1 1 0 1 0 0 0 0 0 1 1 1 1 0 0 0 1 1 0 0 0 1 0 0 
0 1 0 1 1 1 0 0 0 1 0 0 0 1 1 0 1 1 0 0 1 1 1 0 0 1 0 0 1 1 1 0 1 1 1 1 1 1 0 1 0 0 0 0 0 0 1 0 1 1 0 1 1 1 0 0 0 0 1 1 1 1 1 1 1 0 0 1 1 1 
1 0 0 1 0 0 1 0 0 1 0 1 1 0 0 0 1 0 1 1 0 0 0 1 0 0 1 0 1 1 0 1 1 1 0 0 0 1 0 1 0 0 0 1 0 0 0 0 0 1 1 1 0 0 1 0 1 1 0 1 0 0 0 0 0 1 1 1 0 1 
1 0 1 0 1 0 0 0 0 0 0 1 1 0 0 0 0 1 0 0 0 1 0 0 0 1 1 0 0 1 0 1 0 1 0 0 1 1 1 1 1 1 1 1 1 0 1 1 0 1 1 1 1 1 1 0 0 1 1 0 1 1 1 1 1 1 1 1 1 0 
0 1 0 1 0 1 1 0 1 1 0 1 0 1 0 1 1 1 1 0 0 0 0 1 1 0 0 1 1 1 0 0 0 0 0 1 0 0 0 0 0 0 1 0 0 1 0 0 1 1 1 1 0 1 1 0 0 1 0 0 0 1 0 1 1 0 0 1 0 0 
0 0 0 1 0 0 0 1 0 1 1 0 1 0 0 0 0 1 0 1 1 1 1 0 1 1 1 0 0 1 0 0 1 0 0 1 1 0 1 1 1 0 1 0 1 0 1 1 0 0 1 0 1 1 0 0 1 1 0 1 1 1 0 0 1 1 1 0 0 1 
1 1 1 1 0 0 0 0 0 0 1 1 0 0 1 0 0 0 1 1 0 0 1 1 1 1 1 1 0 0 1 1 0 1 1 0 1 0 1 1 0 0 0 1 1 0 0 1 0 1 0 1 1 0 0 1 1 0 0 0 1 1 1 0 0 1 1 0 1 1 
1 1 0 0 1 0 0 1 0 0 0 0 0 1 1 0 1 0 0 0 0 1 0 0 1 1 0 1 1 1 0 1 0 1 1 1 0 0 0 0 1 0 0 0 0 0 0 1 1 1 1 0 1 1 0 0 1 1 1 1 0 0 1 1 1 0 0 0 0 0 
1 1 0 1 1 0 1 1 0 0 0 0 1 1 0 1 0 0 1 1 0 1 0 1 1 1 1 1 0 0 0 0 1 1 0 0 0 0 1 1 1 1 0 1 1 1 0 1 1 1 0 0 0 1 0 1 0 1 1 1 1 1 0 0 1 1 1 0 0 0 
0 1 0 0 1 1 0 0 0 1 0 0 1 0 0 0 0 0 1 0 1 1 0 1 1 1 0 0 1 1 1 1 1 1 1 1 0 0 1 0 0 1 0 1 1 0 0 1 1 0 0 0 1 0 0 0 1 0 0 1 0 1 1 1 0 0 0 1 1 0 
0 0 0 0 1 0 0 0 1 0 1 1 1 0 0 1 0 1 0 0 1 1 0 1 0 0 1 0 0 0 1 1 0 0 0 1 1 1 0 0 0 1 0 1 0 0 1 1 0 1 0 1 1 1 1 0 1 1 0 0 1 0 0 0 0 0 0 0 1 0 
0 0 0 1 0 0 1 0 1 1 0 1 1 0 0 1 1 0 1 0 0 1 0 0 1 0 0 0 0 1 1 0 0 0 1 1 0 0 1 1 1 1 1 1 0 0 0 1 1 1 1 1 0 0 1 0 1 0 0 1 1 0 1 0 0 1 1 1 1 1 
