20 50 7
145.0 238.0 232.0 208.0 230.0 195.0 261.0 204.0 271.0 263.0 234.0 193.0 256.0 177.0 308.0 215.0 263.0 317.0 207.0 332.0 
3.5 4.3 1.6 3.9 3.9 4.1 4.2 2.4 2.8 3.9 5.1 3.8 3.7 3.4 3.3 3.0 4.3 3.6 3.6 4.1 3.7 3.8 2.8 3.3 3.4 2.4 3.7 2.9 5.1 1.8 3.1 3.8 3.5 3.4 2.3 3.4 3.1 3.1 4.1 2.3 2.0 2.8 4.7 4.2 4.0 3.4 4.6 2.6 4.6 4.5 
1 1 0 0 1 1 1 0 0 0 0 1 1 1 1 0 0 1 1 1 0 0 1 0 0 1 1 1 0 0 0 1 0 0 0 1 0 0 0 0 0 0 0 0 1 0 0 1 1 1 
1 1 1 0 0 0 1 1 1 0 0 0 0 0 0 0 1 1 0 1 0 0 1 1 0 1 1 1 1 1 1 0 1 1 1 0 1 1 1 1 1 1 0 1 0 1 1 1 0 0 
1 1 1 0 1 1 1 0 1 0 1 0 1 0 0 1 1 0 1 1 1 1 0 1 1 1 0 1 0 0 1 1 0 1 1 1 0 1 1 1 0 0 0 0 0 0 0 1 1 0 
1 1 1 0 1 1 0 1 0 0 1 1 0 1 1 0 1 0 1 1 0 1 1 1 1 1 0 1 1 0 0 1 1 1 1 1 1 0 1 0 0 1 1 1 0 0 0 0 0 1 
1 0 1 0 0 0 1 0 0 0 0 0 1 1 1 1 0 1 0 0 1 1 0 0 0 1 0 1 1 1 0 0 1 0 0 0 0 0 1 1 1 1 0 1 1 0 1 0 1 0 
0 0 0 1 1 0 0 1 1 1 0 1 1 1 1 1 1 1 0 0 1 0 0 1 0 1 1 0 1 0 1 0 1 0 1 0 1 0 1 1 1 0 1 1 1 0 0 0 0 1 
1 0 0 1 0 0 0 0 0 0 0 1 0 1 0 0 1 1 0 0 1 1 0 1 1 1 1 0 1 0 1 0 0 1 1 1 1 0 0 1 1 1 0 0 0 1 0 0 1 0 
1 0 1 1 0 1 0 0 0 1 1 1 1 1 0 0 0 0 1 1 0 0 1 1 1 0 1 1 0 1 1 0 1 1 0 1 0 0 1 1 0 0 1 0 1 0 1 1 1 1 
0 1 1 0 1 0 1 0 0 1 0 0 0 1 1 1 1 1 0 1 1 0 0 0 1 0 0 1 1 0 0 0 0 0 0 1 0 0 1 1 1 0 1 1 0 0 1 1 1 1 
0 1 1 1 0 0 0 1 0 0 0 1 1 1 1 0 0 0 1 1 1 1 0 1 0 0 1 0 1 1 0 1 1 1 0 1 1 0 0 1 1 1 0 0 1 1 0 0 0 0 
1 1 1 1 0 1 0 0 0 0 0 1 1 1 0 1 1 1 0 1 0 1 0 1 1 0 0 0 1 0 0 0 1 1 0 1 1 0 0 0 1 0 0 0 0 0 0 1 0 1 
0 0 1 0 1 1 1 1 1 0 1 0 0 1 0 0 1 1 1 0 0 0 0 0 0 0 1 0 0 1 0 1 0 1 1 0 0 0 1 1 1 0 1 1 1 1 1 1 0 1 
0 0 1 0 0 0 0 0 0 0 1 1 1 0 1 1 0 0 0 0 0 0 1 1 0 0 0 1 1 1 0 0 1 1 0 1 0 1 1 1 0 1 1 0 0 1 1 0 0 0 
1 1 1 0 0 0 0 0 0 1 0 1 1 1 0 0 1 0 0 0 1 1 1 1 1 1 0 0 0 1 0 0 1 1 0 1 0 0 0 1 1 0 0 0 1 0 0 1 0 0 
1 1 0 0 1 0 1 0 0 0 0 1 0 1 0 0 1 1 0 0 0 1 1 0 1 1 1 0 1 0 0 1 0 0 0 0 0 0 0 1 0 0 1 1 1 0 0 1 0 1 
1 1 1 1 0 0 1 1 1 1 1 1 0 0 0 0 1 1 1 1 1 0 0 1 1 1 1 1 1 0 0 0 1 0 1 1 0 0 0 1 0 1 0 1 1 1 0 1 0 1 
1 0 0 1 1 0 1 0 1 0 1 1 1 1 0 0 0 0 1 0 1 1 1 0 0 0 1 1 1 0 0 0 0 0 0 1 1 1 1 0 1 1 1 0 1 1 0 1 1 0 
1 1 1 1 1 0 1 0 0 1 1 0 1 1 0 0 0 1 0 0 1 1 1 0 1 1 0 1 1 0 1 1 1 1 0 1 0 1 1 1 1 0 1 1 0 1 0 0 1 1 
0 1 0 0 1 0 0 0 1 1 0 1 1 1 0 1 1 1 1 0 0 1 0 0 1 0 0 1 0 0 1 1 0 1 0 1 1 1 1 1 1 1 1 0 0 1 0 0 1 1 
1 0 1 1 0 0 0 0 1 1 1 0 0 0 0 1 1 0 0 1 0 1 0 1 1 0 1 0 1 1 1 0 0 1 0 1 0 1 0 0 0 1 0 0 0 1 1 1 0 1 
