20 50 6
250.0 260.0 312.0 361.0 253.0 344.0 201.0 338.0 301.0 164.0 287.0 246.0 221.0 267.0 309.0 241.0 228.0 228.0 260.0 300.0 
2.7 4.3 1.8 2.0 3.2 1.9 4.4 1.9 2.8 1.6 2.3 4.2 1.5 2.5 3.9 2.7 1.6 2.5 4.3 2.8 3.9 2.0 3.2 3.4 2.4 3.6 2.1 2.3 4.3 3.1 3.7 3.1 2.5 3.7 2.5 3.6 2.5 4.1 3.8 2.4 2.2 2.6 2.7 2.4 3.8 4.1 2.6 3.7 3.0 3.0 
1 1 0 0 0 0 1 1 1 0 1 0 1 0 1 0 0 1 0 1 0 1 0 0 0 1 1 0 1 1 0 1 0 1 0 0 0 1 0 1 1 1 0 0 0 1 0 0 0 0 
0 0 0 1 0 0 0 0 0 0 1 1 1 0 1 0 0 1 1 0 1 1 0 0 1 0 1 1 0 1 0 1 1 1 1 1 0 0 0 1 0 0 0 0 1 0 0 0 0 1 
1 1 1 0 1 1 0 1 0 1 0 1 0 0 1 0 1 1 1 0 0 1 1 0 0 0 1 0 1 1 1 0 1 0 0 0 0 1 1 1 0 1 1 0 1 1 0 1 1 1 
0 1 0 1 1 1 0 0 0 1 1 0 1 0 1 0 1 0 0 1 0 0 0 1 0 1 1 0 0 0 1 1 0 0 1 1 1 1 1 0 0 1 1 1 1 0 1 0 1 0 
0 0 0 1 0 0 0 0 1 1 1 0 1 1 1 1 0 0 0 0 1 1 0 1 1 0 0 1 0 1 1 0 1 1 0 1 1 1 0 0 1 1 0 0 0 1 0 1 1 0 
1 1 1 0 1 0 0 1 1 1 1 1 1 0 0 1 1 1 0 1 1 0 1 1 1 0 0 1 0 1 1 0 1 0 0 1 0 1 1 0 0 1 0 0 1 0 1 1 0 1 
1 1 1 0 0 0 0 0 0 0 1 0 0 1 0 0 1 0 0 0 0 0 0 1 1 1 1 0 0 0 1 0 0 0 1 1 1 1 0 1 0 0 0 0 0 0 0 0 0 1 
1 0 1 0 1 0 0 0 0 1 1 0 0 1 0 1 1 1 1 1 0 0 0 1 0 1 1 0 1 0 0 1 0 1 1 1 0 0 1 0 0 0 1 0 0 1 0 1 0 1 
1 1 1 1 0 1 0 0 1 1 1 1 0 1 0 1 1 0 0 1 0 0 0 0 0 1 0 1 0 0 0 1 1 1 1 0 0 0 1 0 0 1 1 0 0 0 1 0 1 0 
1 1 1 0 0 0 0 1 0 0 1 0 0 0 1 0 0 1 0 0 0 1 0 1 1 1 1 1 1 1 0 0 1 1 1 0 1 0 1 1 0 0 1 0 0 1 0 1 0 1 
1 0 0 0 1 1 0 1 0 1 0 0 0 0 1 0 1 1 1 0 1 1 0 0 0 0 1 1 0 1 0 0 1 1 1 1 1 0 0 1 0 1 1 1 1 0 1 0 0 0 
1 0 1 0 1 1 1 0 1 0 0 0 1 1 0 0 1 1 1 1 1 0 1 0 0 0 0 0 0 1 1 0 1 0 1 1 0 0 0 1 0 0 0 0 1 1 0 1 1 1 
1 0 1 0 1 1 0 0 0 0 1 1 0 0 1 0 0 0 1 0 1 1 0 0 0 0 0 0 1 0 0 0 1 0 1 1 1 1 1 0 0 0 1 1 0 1 1 1 1 1 
1 1 1 1 0 1 1 1 1 0 0 1 1 1 1 1 1 0 0 1 0 1 1 0 0 1 0 1 1 1 0 0 0 1 1 0 0 1 1 1 0 0 0 1 0 1 0 1 0 1 
1 1 1 1 0 0 1 1 0 0 1 1 0 0 1 1 0 0 1 0 1 1 1 1 0 0 0 0 0 1 1 0 0 1 0 1 1 0 0 0 1 0 0 0 0 0 0 0 0 0 
0 0 1 0 0 1 1 0 0 1 0 0 0 1 0 0 0 1 0 1 1 0 1 0 1 1 0 0 0 0 1 1 0 1 1 0 1 0 1 0 1 0 1 0 1 0 0 0 1 1 
0 0 0 0 0 0 1 0 1 0 0 1 0 0 1 0 1 1 0 1 1 0 1 0 0 1 1 0 1 0 1 1 0 0 1 1 0 1 1 0 1 0 1 0 0 1 0 1 0 0 
1 0 1 1 1 0 1 1 0 0 1 0 0 0 0 0 1 0 0 0 0 1 1 0 1 0 0 0 1 0 1 0 0 0 0 1 1 1 0 0 1 1 0 0 1 0 0 1 0 0 
1 0 0 1 0 1 1 1 1 1 1 0 0 1 0 1 0 0 1 1 1 1 1 0 0 1 0 1 0 1 0 0 1 0 1 1 1 0 1 1 1 1 1 1 1 0 0 1 1 0 
1 0 1 1 0 1 0 1 1 1 1 1 0 1 1 0 0 0 1 0 0 1 1 1 1 1 0 1 0 1 0 1 1 1 1 1 0 0 1 1 1 0 1 0 0 0 1 1 1 1 
