20 30 7
275.0 196.0 360.0 312.0 153.0 274.0 210.0 161.0 251.0 276.0 244.0 147.0 165.0 309.0 225.0 250.0 223.0 280.0 283.0 259.0 
4.9 3.3 4.2 2.4 2.8 4.6 1.9 4.4 3.9 3.1 3.5 3.1 3.4 2.7 3.1 3.0 5.0 3.4 3.3 2.6 3.1 2.8 3.8 3.1 3.8 3.5 3.2 2.8 2.8 4.3 
1 1 1 1 1 1 0 0 1 1 0 1 0 0 1 1 0 0 0 1 1 1 0 0 0 0 0 0 1 0 
1 1 1 0 0 1 0 0 0 1 0 0 1 0 0 0 1 1 1 0 1 1 0 0 0 0 1 1 1 1 
0 1 1 1 0 0 0 1 0 0 1 1 1 0 1 1 1 1 1 0 0 0 0 0 1 1 0 0 0 0 
0 0 1 1 0 1 0 1 0 0 0 0 1 0 0 0 0 0 1 1 0 1 0 1 1 0 1 0 1 0 
1 0 1 1 0 1 1 1 0 0 0 1 0 0 1 0 1 0 1 1 0 1 0 1 0 0 0 1 1 0 
0 1 1 0 1 1 1 1 1 1 0 0 1 1 1 1 1 0 0 0 1 1 1 0 1 1 1 1 0 0 
0 1 1 0 0 1 0 1 1 1 0 1 1 0 1 0 1 1 1 0 0 0 1 1 0 0 1 0 0 1 
1 1 0 0 1 1 0 1 1 1 0 1 1 1 0 0 1 0 1 0 1 0 0 1 1 0 1 0 1 1 
1 1 1 0 0 1 0 1 1 0 1 0 1 1 0 0 1 1 1 0 1 1 1 0 0 0 0 0 1 1 
0 0 0 0 1 0 1 0 0 0 1 1 1 0 1 0 0 0 0 0 0 0 0 0 1 1 1 1 0 1 
0 1 1 1 1 1 0 1 1 0 1 0 1 1 1 1 1 1 1 1 0 0 0 0 1 0 1 1 1 0 
0 1 0 0 0 0 1 0 1 1 0 1 1 0 1 1 1 1 1 1 0 0 0 1 1 1 1 0 1 0 
0 1 1 1 0 1 1 1 0 0 0 0 0 1 0 1 0 0 1 0 0 0 1 1 0 1 1 0 0 0 
1 1 1 0 1 0 1 0 1 1 0 0 1 1 0 1 0 0 1 0 1 0 0 0 1 1 1 1 0 1 
0 0 0 0 0 0 0 0 0 0 0 1 0 1 1 0 1 0 0 0 0 1 0 1 0 0 1 1 1 0 
1 0 0 0 0 1 0 1 1 1 1 1 1 1 1 0 1 0 1 0 1 0 1 0 1 0 0 1 0 1 
0 0 0 1 0 0 1 0 1 1 1 1 1 0 1 1 1 1 0 1 1 1 0 0 0 1 1 0 1 0 
1 0 1 0 0 1 1 1 1 0 1 0 0 0 0 0 0 0 1 0 0 0 0 1 0 1 0 0 0 1 
0 1 0 1 1 1 0 1 0 1 1 0 1 0 1 1 0 0 1 1 0 1 0 0 1 0 0 1 1 0 
0 1 0 1 0 0 0 1 1 0 0 1 1 0 1 0 0 0 1 1 0 1 0 1 0 0 0 0 0 0 
