20 30 6
331.0 228.0 263.0 258.0 271.0 254.0 228.0 189.0 245.0 187.0 256.0 168.0 342.0 397.0 353.0 268.0 303.0 258.0 259.0 333.0 
2.9 3.7 2.8 3.8 2.5 2.6 2.9 2.9 2.2 2.9 4.3 3.4 3.5 2.4 4.2 2.6 3.3 3.9 3.0 4.2 2.8 1.8 2.1 2.2 2.6 2.0 1.5 2.3 2.7 2.9 
0 0 0 0 1 1 1 1 1 0 0 1 1 0 1 1 0 1 1 0 1 0 0 1 1 1 0 1 0 1 
1 1 0 0 0 0 1 0 0 0 0 0 0 0 0 0 0 1 1 1 1 1 1 0 0 1 0 1 1 0 
0 0 0 1 0 1 0 0 0 0 0 1 1 1 1 1 0 1 1 0 1 1 1 0 0 1 0 0 0 0 
0 0 0 0 0 1 0 1 0 1 1 1 1 1 0 1 0 1 0 1 1 0 1 1 0 0 1 1 0 1 
1 1 0 1 0 1 1 0 1 1 0 1 1 1 0 0 0 1 0 0 1 1 1 0 0 1 0 0 1 1 
0 0 0 1 1 1 0 1 0 1 1 1 0 1 0 0 0 0 0 1 0 0 1 1 0 0 1 1 0 0 
1 1 0 1 0 0 1 1 0 1 0 0 1 1 0 0 0 0 1 1 1 1 0 1 1 1 1 1 0 0 
1 0 0 0 0 1 1 1 1 1 0 0 1 1 0 1 0 1 0 1 1 0 0 0 0 1 0 0 0 0 
0 1 0 1 1 1 0 1 0 0 0 0 0 1 0 1 1 0 0 1 1 1 0 0 1 0 0 1 0 0 
0 1 1 1 1 1 0 1 1 0 0 0 0 0 1 0 0 0 1 0 1 0 1 1 0 0 1 1 1 0 
1 0 1 1 1 1 0 1 0 0 1 0 0 0 1 0 0 0 1 0 1 0 0 0 1 0 0 0 1 0 
0 0 1 1 0 1 1 1 1 1 0 0 0 1 0 0 0 0 1 1 0 0 0 1 1 0 1 0 0 1 
0 1 1 1 0 0 0 1 0 1 0 0 0 1 0 1 1 1 0 0 1 1 0 0 1 1 0 1 1 0 
1 1 0 1 0 1 1 0 0 0 0 1 1 1 0 0 0 0 1 1 1 1 0 0 0 0 1 1 0 0 
1 0 1 1 0 0 1 0 1 0 1 1 0 0 0 1 1 0 0 0 1 0 0 0 1 0 0 1 0 0 
1 1 0 0 0 1 0 0 0 0 1 1 1 1 1 1 1 1 1 0 0 0 0 1 0 1 0 0 1 0 
0 1 1 1 0 1 1 1 1 0 1 1 1 0 1 0 0 0 0 1 1 1 1 0 0 0 1 1 0 0 
0 1 0 0 0 1 0 1 1 1 0 0 1 0 0 0 1 0 1 0 1 1 1 1 0 1 0 1 0 0 
0 0 0 1 1 1 1 1 1 1 1 1 0 1 0 0 1 0 0 1 1 1 0 1 0 1 1 1 1 0 
0 1 1 1 1 1 1 0 1 0 1 1 0 1 1 1 1 1 1 1 0 1 0 0 1 0 0 0 1 1 
