20 50 8
306.0 245.0 274.0 172.0 248.0 334.0 305.0 305.0 344.0 238.0 285.0 245.0 271.0 226.0 238.0 301.0 330.0 317.0 287.0 278.0 
3.7 3.3 4.1 3.3 4.0 4.6 4.9 4.4 3.5 4.3 5.0 3.5 4.0 4.0 3.3 4.6 2.6 4.1 4.0 4.4 4.9 3.0 3.5 5.7 4.4 4.3 5.2 2.6 4.1 3.8 2.6 3.6 3.9 3.7 4.1 3.0 4.6 4.4 3.7 4.9 4.4 3.8 3.7 4.6 4.3 3.8 3.4 3.9 3.0 3.7 
0 1 1 0 0 1 0 0 1 1 0 1 0 0 1 1 0 0 0 1 0 0 0 0 0 1 1 1 0 0 1 0 0 0 1 0 0 1 0 0 1 0 0 1 1 0 1 1 1 0 
0 1 0 1 1 0 1 1 0 0 0 1 0 0 0 1 1 0 0 0 1 1 1 1 0 1 0 1 1 1 1 0 1 0 1 1 1 0 0 1 0 1 1 0 0 1 1 1 0 0 
0 0 0 0 1 0 1 0 0 0 0 1 0 1 1 1 0 1 1 1 0 0 0 0 0 0 0 0 1 1 1 1 1 1 1 1 1 1 1 1 1 0 0 0 1 0 1 0 1 1 
1 0 0 1 0 1 1 1 0 1 0 0 1 1 1 1 1 0 1 0 0 0 1 0 1 1 1 0 1 1 1 0 0 0 0 0 1 1 0 1 1 0 0 1 0 0 1 0 1 0 
0 1 1 1 1 0 1 0 0 1 0 0 0 0 1 1 0 1 1 0 0 0 1 0 0 0 1 0 1 0 0 1 0 0 1 1 0 1 1 0 0 1 0 0 0 1 0 0 0 1 
0 0 0 1 1 1 1 0 1 1 0 0 1 0 0 0 0 1 1 1 1 0 0 1 1 1 0 1 0 1 1 1 1 0 0 1 1 0 1 0 1 1 0 1 1 0 0 1 0 1 
1 0 1 0 1 1 0 1 1 1 0 1 0 0 1 1 0 0 1 0 0 0 0 0 0 1 0 1 0 1 0 0 1 1 0 0 1 1 1 1 1 1 0 1 0 0 1 0 1 0 
0 0 1 0 0 1 1 1 0 1 1 1 0 0 1 1 1 1 1 1 0 1 0 0 0 0 0 0 1 0 0 1 0 1 0 0 1 0 0 0 1 1 0 0 0 1 0 1 0 1 
0 0 1 1 1 0 1 0 1 0 1 1 0 1 0 1 1 1 1 1 1 0 1 0 1 1 1 1 0 1 1 0 1 0 1 0 0 0 1 0 0 0 0 1 1 1 1 1 0 1 
0 0 0 0 1 1 0 0 0 0 1 0 0 0 0 1 0 0 1 1 0 1 1 1 1 0 0 1 1 0 1 0 1 1 0 1 1 1 1 0 1 0 1 0 0 1 0 1 1 1 
1 1 1 1 1 1 1 1 1 1 1 0 0 0 1 0 0 0 0 1 1 1 1 1 1 1 1 0 0 0 0 0 1 1 0 0 0 1 1 1 0 1 1 0 1 1 1 1 0 1 
0 0 0 1 0 1 0 1 1 0 0 1 0 1 0 1 1 0 0 1 1 1 0 0 1 0 0 1 0 0 0 0 1 0 1 1 0 0 0 1 0 1 1 0 0 1 1 1 0 0 
0 0 1 1 0 0 0 0 1 0 0 0 1 1 1 1 1 0 0 0 1 1 1 1 0 1 1 1 0 1 1 1 1 1 0 1 0 0 1 0 1 1 0 1 0 0 1 1 1 1 
1 0 0 1 1 0 0 0 0 0 0 1 1 0 1 0 1 0 1 0 1 1 0 0 0 0 0 0 1 0 0 0 1 0 0 0 0 1 0 1 1 0 0 1 1 1 0 1 1 0 
0 0 0 0 0 0 0 0 0 0 1 0 1 0 0 1 1 1 0 1 1 0 1 0 1 0 0 1 0 1 0 0 0 0 0 0 1 1 1 0 0 1 0 0 0 1 1 1 1 0 
1 1 0 1 1 1 0 1 0 0 1 1 0 1 0 1 0 0 1 0 1 1 1 1 1 1 1 1 1 0 0 1 0 1 1 1 0 0 1 1 1 0 0 1 0 1 1 1 0 1 
1 1 0 0 1 1 1 1 1 1 1 1 0 1 0 0 1 0 0 1 1 1 1 1 0 0 1 0 1 1 0 1 0 1 1 1 0 0 1 1 1 0 0 1 1 1 0 1 0 0 
0 1 0 0 0 1 0 1 1 1 1 1 1 1 0 0 0 1 0 0 1 1 1 1 1 1 1 1 0 0 1 0 1 1 0 1 1 0 0 1 1 0 0 0 1 1 1 1 0 0 
0 1 1 0 1 0 0 0 1 0 1 1 1 0 0 1 1 1 1 1 1 1 0 1 1 1 0 1 1 1 1 0 1 0 0 0 0 0 1 0 1 0 0 1 0 0 1 0 0 1 
0 1 1 1 1 0 1 0 1 0 0 0 0 0 1 1 0 1 0 0 0 1 0 0 1 1 0 0 0 0 1 1 1 1 1 1 0 1 1 0 0 0 0 1 0 1 1 0 0 1 
