20 30 5
217.0 292.0 193.0 219.0 227.0 244.0 260.0 309.0 252.0 259.0 264.0 275.0 355.0 131.0 251.0 239.0 214.0 198.0 207.0 277.0 
2.6 3.7 1.2 2.0 3.2 2.0 2.0 3.0 2.3 3.4 3.8 2.0 2.3 3.7 1.7 2.3 1.8 2.4 2.3 1.8 2.9 1.8 2.4 2.8 1.7 2.8 1.8 3.3 1.7 1.9 
0 1 0 0 0 1 1 0 1 0 0 1 1 1 0 1 1 0 1 1 0 1 1 1 0 1 0 1 0 0 
1 1 0 1 0 0 1 1 1 1 0 0 0 1 0 1 1 0 1 0 1 1 1 1 0 0 1 0 1 1 
0 0 1 1 0 0 0 1 1 0 1 1 1 1 0 1 1 0 0 0 0 1 0 0 0 0 0 0 1 1 
0 0 0 1 0 1 0 0 1 1 0 1 1 1 1 1 1 1 1 0 1 1 0 1 0 1 1 0 0 1 
1 0 1 0 0 1 0 1 0 0 0 1 1 0 1 1 0 0 0 0 1 0 0 1 0 0 1 0 0 0 
0 0 1 0 1 0 1 0 0 0 0 1 0 1 0 0 0 0 0 1 1 1 1 0 1 1 0 1 0 0 
1 0 0 0 1 0 0 1 0 0 1 0 0 0 1 0 1 1 1 1 0 1 1 0 0 1 1 0 0 0 
1 0 1 0 1 1 0 0 1 0 1 0 0 1 1 1 1 1 1 0 1 1 0 0 0 1 1 1 0 0 
0 1 0 0 1 1 1 0 1 0 0 0 1 0 1 0 1 1 1 1 1 0 1 1 0 0 1 1 1 1 
0 0 0 0 0 1 0 0 1 1 0 1 1 0 0 1 1 1 0 0 0 0 1 1 0 0 0 0 0 1 
1 1 1 1 0 0 1 0 1 0 0 1 1 0 1 1 1 0 0 0 1 0 1 0 1 1 0 0 1 0 
0 0 0 0 1 0 0 0 1 0 0 0 1 0 0 1 1 1 0 0 1 1 1 1 0 0 1 0 1 0 
0 1 0 0 0 1 1 1 0 0 1 1 1 1 1 0 1 1 1 0 0 1 1 0 1 1 1 0 1 0 
0 1 1 1 0 1 1 1 0 0 1 0 0 1 1 1 0 1 0 1 1 0 1 0 0 1 1 0 0 0 
0 0 0 1 1 1 0 1 1 0 1 1 0 0 1 1 1 1 1 0 0 1 1 1 1 0 0 0 1 0 
1 1 0 1 0 0 0 0 0 0 1 1 1 1 0 1 0 0 0 1 1 0 1 1 0 1 0 1 1 1 
0 1 0 0 1 1 1 0 0 0 1 1 0 0 0 1 1 1 0 1 1 0 1 1 1 0 0 0 1 0 
1 0 1 0 1 1 1 1 0 1 1 1 1 0 0 0 0 1 0 0 0 1 1 0 0 0 1 1 0 1 
0 1 0 1 0 1 0 0 1 1 1 0 0 1 0 0 1 0 1 1 0 1 0 1 0 0 0 0 0 0 
1 0 1 1 1 1 1 0 1 1 0 1 0 1 1 0 1 1 1 1 0 1 1 1 1 1 1 1 1 0 
