20 90 7
204.0 274.0 308.0 283.0 186.0 282.0 255.0 221.0 256.0 282.0 320.0 224.0 322.0 234.0 280.0 216.0 328.0 275.0 210.0 226.0 
4.2 2.4 3.7 4.3 3.1 4.2 3.2 3.6 2.9 2.6 3.9 2.6 3.3 4.6 2.1 4.5 2.6 3.7 2.3 3.2 2.5 3.4 3.9 3.8 3.3 1.6 3.9 3.5 3.4 4.5 4.0 4.1 4.0 3.5 2.8 3.6 4.5 4.2 4.0 4.7 2.5 3.0 2.2 4.9 4.4 4.9 3.6 2.8 3.6 3.4 4.9 3.3 3.5 2.5 2.2 3.6 2.8 4.0 2.8 3.2 3.2 4.3 3.1 3.3 2.6 3.0 5.7 3.9 2.2 3.5 1.9 4.5 3.1 5.1 4.0 3.0 3.8 3.4 3.7 2.8 3.7 1.7 4.8 2.7 4.9 2.6 3.5 3.7 4.0 3.4 
0 0 0 1 1 0 1 0 0 0 0 0 1 0 0 1 1 1 0 1 1 0 0 1 1 0 0 1 0 1 1 0 0 0 0 0 0 0 1 1 0 1 1 0 1 0 1 0 1 0 0 0 1 0 0 0 0 0 0 0 1 1 1 0 1 1 0 0 0 0 1 1 0 0 1 0 1 0 1 1 0 1 0 1 1 1 0 1 0 1 
0 0 0 1 0 1 0 1 0 1 1 1 0 1 1 1 1 1 0 1 1 1 0 1 1 0 1 0 0 1 0 1 1 0 0 1 1 0 1 0 1 0 1 1 0 0 0 1 1 0 0 1 1 1 0 1 0 0 0 0 0 0 1 0 1 1 1 0 0 1 0 0 1 1 1 1 1 0 1 0 1 0 1 1 0 1 1 0 1 0 
1 0 0 1 0 0 1 0 1 1 1 1 1 1 0 1 0 1 1 1 1 0 1 1 0 0 0 0 1 1 0 1 1 1 1 0 1 0 0 1 0 1 1 1 0 1 0 0 0 1 0 1 0 0 1 1 1 0 1 0 0 1 1 0 0 0 1 0 0 0 1 1 0 1 1 0 1 0 0 1 1 0 0 1 1 1 1 0 0 0 
0 1 1 1 1 1 0 0 1 1 1 0 1 0 0 0 0 0 0 1 1 0 1 1 0 1 0 1 1 0 1 0 0 0 1 0 0 0 1 1 0 1 1 1 1 1 1 0 1 1 1 0 0 0 1 0 0 1 0 0 1 1 1 0 1 0 1 0 1 0 0 0 1 0 1 1 0 1 1 0 1 1 1 1 0 0 1 0 0 0 
1 1 0 1 1 1 0 1 1 0 1 0 1 1 0 0 0 0 1 0 0 0 1 1 1 0 0 1 0 0 0 0 0 0 1 1 1 1 0 0 0 0 0 0 1 1 0 0 0 0 0 1 1 0 0 1 1 1 0 0 1 0 1 1 1 0 0 0 0 1 1 1 0 0 0 1 1 1 1 1 1 0 1 1 1 1 1 1 0 0 
1 0 1 0 1 0 1 1 1 1 1 0 1 0 0 1 0 0 0 1 0 0 0 1 1 0 1 0 0 1 0 0 1 0 1 1 0 1 1 1 1 1 1 0 1 1 0 0 1 0 0 1 0 0 0 0 1 1 0 1 1 0 0 1 0 0 0 1 1 0 1 1 1 0 0 1 0 0 0 0 1 0 1 1 1 0 0 0 1 0 
0 1 0 0 0 1 0 0 1 1 0 0 0 1 1 1 1 1 1 1 0 1 0 0 1 1 1 0 1 0 1 1 0 1 1 1 1 1 0 1 0 0 0 1 1 0 1 0 1 0 1 1 1 1 0 0 1 1 1 0 1 1 1 0 0 0 0 0 0 0 1 0 0 1 1 1 1 1 1 0 1 0 0 0 1 0 0 1 0 1 
1 1 0 1 1 1 0 1 0 1 1 0 1 0 1 1 0 1 1 1 0 1 0 0 0 0 0 0 0 0 0 1 0 1 1 1 1 1 1 0 1 1 1 0 0 0 1 0 1 0 0 1 0 0 0 1 0 1 1 0 1 0 0 1 0 0 1 1 0 1 1 1 1 0 1 1 1 1 0 0 1 0 0 0 1 1 1 1 1 1 
0 1 1 1 1 1 1 0 1 0 1 1 0 0 0 0 0 1 1 0 1 0 0 1 0 1 1 1 1 1 1 1 0 1 1 0 0 0 0 1 0 1 0 1 1 1 0 0 1 1 1 1 1 1 1 1 0 0 0 0 1 0 0 1 1 0 1 0 1 1 0 1 0 0 1 0 0 0 1 0 1 1 1 0 1 0 0 0 1 1 
0 0 1 1 1 0 1 0 1 1 1 0 0 0 0 1 0 0 0 0 0 1 0 1 1 1 1 0 1 0 0 1 0 1 0 1 0 0 1 0 0 1 0 1 1 0 1 1 0 0 0 1 1 1 0 1 1 1 0 0 0 0 0 0 0 1 1 1 0 1 1 1 1 0 1 0 0 1 1 0 0 0 1 0 0 1 0 1 1 0 
0 0 1 0 0 1 0 0 1 0 1 1 1 0 1 1 0 1 1 0 1 0 1 0 0 1 0 0 1 0 0 0 0 1 0 0 1 0 1 0 0 0 0 1 0 1 0 1 1 0 0 1 0 1 0 0 1 1 0 1 1 0 0 1 0 0 0 0 0 0 0 1 1 0 0 0 1 0 0 1 0 0 1 0 1 0 0 1 0 1 
0 1 1 0 1 1 1 0 1 0 1 1 0 1 0 0 0 1 1 0 1 1 0 0 1 0 1 1 0 1 1 0 0 1 0 1 1 1 0 1 1 1 1 1 0 1 0 0 1 0 0 0 1 0 0 0 0 1 0 0 0 0 1 1 1 1 0 1 1 0 0 1 1 0 1 0 0 1 0 1 0 1 1 0 1 1 0 1 0 1 
1 0 1 0 1 1 0 1 1 1 0 0 0 0 0 1 0 0 1 0 0 0 0 0 0 0 1 0 0 0 0 1 0 0 0 1 0 0 0 1 0 0 0 1 0 1 0 1 1 0 1 1 1 0 1 1 0 1 0 1 0 1 0 1 0 1 1 0 0 1 1 0 0 1 1 0 1 0 0 1 1 0 0 0 0 1 0 0 0 0 
1 1 0 1 0 0 0 0 0 1 1 1 1 0 1 0 1 0 1 1 0 1 1 1 0 1 0 1 1 0 0 0 1 1 0 1 0 1 1 0 0 0 0 0 1 1 1 1 0 1 0 1 0 0 0 0 1 0 1 0 1 1 1 1 1 1 0 1 0 0 1 0 0 0 1 0 0 0 0 0 1 1 1 0 1 1 0 1 1 0 
1 0 1 1 0 1 1 1 1 0 0 0 0 0 0 0 1 0 1 1 0 1 0 0 0 0 0 0 0 0 0 1 1 0 0 0 1 0 0 1 1 1 1 0 0 1 1 1 1 0 0 0 1 1 1 0 0 1 1 1 0 1 0 0 0 1 1 0 1 1 0 1 0 1 1 0 0 0 0 0 1 0 0 1 0 1 1 1 0 0 
0 0 0 0 0 0 1 1 1 1 1 1 1 0 1 0 0 1 0 1 1 0 1 0 0 1 1 1 0 0 1 0 0 0 1 0 1 0 1 0 1 1 1 1 1 1 0 1 0 0 1 1 0 1 0 1 0 1 0 1 1 0 1 0 0 0 1 0 0 0 1 1 0 1 1 1 1 1 0 1 1 1 1 0 1 1 1 1 0 0 
1 1 1 0 0 0 0 0 0 1 0 0 1 1 1 0 1 0 1 0 0 0 1 0 0 1 1 1 0 0 0 0 1 0 0 0 1 0 0 1 0 1 0 1 1 0 0 0 1 1 1 1 1 1 1 0 1 1 1 1 0 1 1 1 1 0 0 1 1 0 1 0 0 1 0 0 1 1 0 0 1 0 0 1 1 1 1 0 1 0 
1 0 0 0 1 0 0 0 1 1 1 1 1 1 0 1 0 0 1 0 1 0 0 0 1 1 1 0 0 0 0 1 0 1 1 1 1 0 0 1 1 0 0 0 0 1 1 0 0 0 1 1 1 1 1 0 1 1 0 0 0 1 0 1 1 1 0 0 0 0 1 0 1 1 0 0 1 0 0 0 0 1 0 1 0 0 0 0 0 1 
0 0 1 1 0 0 1 0 1 1 1 1 0 0 1 0 0 0 0 0 1 0 1 1 1 0 1 1 0 1 0 0 0 0 1 1 1 1 0 1 1 0 1 0 0 1 1 1 0 1 0 0 0 1 0 0 1 1 1 0 1 0 0 1 0 0 1 1 1 0 1 0 1 1 0 1 0 0 1 1 0 0 0 0 0 0 1 1 0 1 
0 1 1 1 0 0 1 0 0 0 0 1 0 1 0 0 1 0 0 0 1 0 1 1 1 1 1 1 1 0 0 0 1 0 1 1 0 0 1 0 0 1 0 0 0 0 0 1 0 1 1 0 1 0 0 1 1 1 1 0 1 1 0 1 1 1 0 1 1 0 0 1 0 0 0 1 0 1 0 0 0 0 1 0 0 0 0 1 0 0 
