20 70 5
338.0 247.0 302.0 238.0 229.0 254.0 264.0 211.0 174.0 259.0 230.0 277.0 314.0 298.0 195.0 272.0 226.0 195.0 174.0 326.0 
3.2 2.7 2.6 3.0 2.0 3.8 2.4 3.7 0.2 4.7 2.1 3.2 3.3 2.8 3.3 2.3 2.2 3.3 2.5 1.5 1.7 3.1 3.4 2.4 3.0 2.3 2.4 2.7 2.3 2.3 2.1 3.3 2.6 2.9 3.2 2.0 0.4 2.6 2.1 2.2 3.5 3.4 3.8 3.0 2.9 2.5 1.9 2.4 2.2 2.4 1.9 2.1 3.4 2.6 2.6 2.5 3.0 0.9 2.3 1.7 2.9 2.6 2.0 2.5 2.2 1.7 2.2 3.0 1.9 3.4 
1 1 0 0 1 0 1 1 0 0 1 1 0 0 1 0 1 1 1 0 0 1 0 1 1 0 1 0 1 0 1 1 1 0 1 1 0 1 0 1 1 1 0 0 1 0 0 1 1 1 1 0 0 0 1 0 1 0 1 1 0 0 1 0 0 1 0 0 0 0 
0 0 1 0 0 1 0 0 1 0 0 0 0 0 1 0 0 1 1 1 0 0 1 0 1 1 0 1 1 0 1 1 1 1 0 1 1 1 1 0 1 1 0 0 0 1 1 0 1 0 1 1 0 0 1 1 0 0 1 1 1 1 1 1 0 1 0 0 0 1 
1 0 1 1 1 0 0 1 0 0 0 0 0 1 0 0 1 0 1 1 1 1 0 0 0 1 0 0 1 0 0 1 1 0 0 0 0 1 0 0 0 1 1 0 1 0 0 1 0 1 1 0 1 0 1 1 0 1 1 1 0 0 0 1 0 1 1 0 1 1 
1 1 1 1 0 1 1 1 0 1 1 1 0 1 1 0 0 0 0 0 1 0 1 1 1 1 0 0 1 1 1 1 0 1 1 0 0 0 1 1 0 0 1 1 1 1 1 1 0 1 1 0 0 0 0 1 1 1 0 0 0 0 1 1 1 0 0 0 1 1 
0 0 0 0 1 1 1 0 1 0 0 0 0 1 0 1 0 0 1 0 0 1 0 1 0 0 0 0 1 0 1 0 0 0 1 1 0 0 1 1 1 1 0 0 0 0 1 0 1 1 1 1 1 0 0 0 0 0 0 1 1 0 1 1 0 0 0 0 0 1 
0 0 1 1 1 0 0 1 0 0 1 0 0 1 0 0 1 1 1 0 1 0 0 0 1 1 0 1 1 1 0 1 0 0 0 1 0 0 0 1 1 0 0 0 0 0 0 0 0 1 1 0 0 0 1 0 1 1 0 1 1 0 0 0 1 1 1 1 0 1 
1 0 1 0 0 1 0 0 0 1 0 1 0 0 0 1 0 0 1 1 1 1 1 0 0 0 0 0 1 1 1 0 0 0 0 1 1 1 0 0 0 0 0 1 0 0 1 1 1 1 1 1 0 0 0 1 0 1 1 0 1 0 1 0 0 1 0 0 0 0 
0 1 0 1 1 1 1 1 0 0 1 0 0 1 0 0 1 1 0 1 1 0 1 0 0 1 1 1 1 0 1 0 1 1 1 1 0 0 0 0 1 1 1 0 1 1 1 1 0 0 0 0 0 0 1 0 1 0 1 1 0 0 0 1 0 1 1 1 1 0 
1 1 0 1 0 1 1 1 0 0 0 1 1 1 1 0 1 1 1 0 0 1 1 1 1 1 1 0 0 0 1 1 1 0 1 0 1 0 0 0 1 1 0 1 1 0 1 1 0 0 1 0 1 1 0 0 1 0 0 1 1 1 1 0 0 0 0 0 1 1 
0 1 0 1 0 1 0 0 0 0 0 1 1 0 0 0 0 1 1 0 0 0 1 0 0 0 0 0 1 1 1 1 1 0 1 0 1 1 0 0 1 0 0 1 1 1 1 1 1 0 0 1 0 0 1 0 1 0 0 0 1 1 0 0 0 1 1 1 1 0 
0 0 0 0 0 1 1 0 0 1 0 0 1 0 1 0 1 1 1 1 1 1 1 1 1 0 1 0 1 0 0 0 1 0 0 0 1 1 1 0 0 1 0 0 0 1 1 0 0 0 1 0 0 0 0 1 1 0 0 0 0 1 1 0 1 1 1 1 1 0 
0 1 0 0 1 0 1 0 0 0 0 0 1 1 1 0 1 0 1 0 1 0 0 1 0 1 0 1 0 1 0 1 1 1 1 1 0 0 0 1 1 0 0 0 0 1 0 1 1 0 0 0 0 0 1 0 0 1 0 1 1 1 0 1 0 1 0 1 1 1 
0 1 1 0 1 0 1 0 0 1 0 1 0 1 0 1 1 1 1 0 0 0 0 0 1 1 0 1 1 0 0 0 1 0 0 0 0 1 0 1 0 0 0 0 0 0 0 1 1 1 0 1 0 1 1 0 1 1 0 0 1 1 1 0 0 1 1 0 1 1 
1 1 0 1 1 0 0 0 1 0 1 1 0 0 0 1 0 1 0 1 0 0 1 1 1 0 1 0 1 1 1 1 1 1 0 1 1 1 1 0 0 1 0 0 0 1 0 1 0 0 0 0 1 0 0 0 0 1 0 0 1 1 0 1 1 0 1 1 0 0 
0 1 1 0 1 1 1 1 0 0 0 1 1 1 0 1 0 0 1 0 0 0 1 0 1 0 1 0 1 0 0 1 1 0 1 0 0 0 0 0 0 1 1 1 1 0 1 0 1 0 1 0 1 1 0 1 0 0 1 1 0 0 0 0 0 1 1 1 1 1 
0 0 1 0 1 0 1 1 0 1 1 1 1 1 0 1 1 1 0 1 1 1 0 0 1 1 0 1 1 1 1 0 0 0 0 1 0 0 1 1 0 0 1 0 1 0 0 1 1 0 1 0 1 1 1 1 1 1 1 0 1 1 0 0 1 1 1 1 0 1 
1 1 0 1 0 1 0 0 1 1 0 0 0 1 0 1 1 0 1 0 0 1 1 1 0 0 0 0 0 1 1 0 0 0 0 1 1 1 0 0 1 1 0 1 1 0 0 1 0 0 1 1 1 0 0 0 0 0 0 1 0 1 1 0 1 1 1 0 0 1 
1 1 0 1 1 1 1 1 0 0 0 1 1 1 1 0 1 0 0 0 1 0 1 0 0 0 0 1 1 0 1 0 0 1 1 1 1 1 1 0 0 1 0 1 1 0 0 0 0 0 1 0 1 0 0 1 0 1 1 0 0 1 0 0 0 0 1 0 1 0 
1 0 0 1 0 0 0 1 1 1 1 0 0 1 0 0 1 1 0 0 0 1 0 0 0 0 1 1 1 1 0 0 0 0 1 1 1 1 1 0 1 1 1 0 1 0 1 1 0 1 0 1 1 1 0 1 1 0 0 0 0 1 0 1 1 0 1 0 0 1 
1 1 0 0 0 0 1 1 0 0 1 1 1 0 0 1 1 1 0 1 0 1 0 0 1 0 1 0 0 1 0 0 0 0 0 1 1 1 1 0 1 0 1 0 1 0 1 1 0 1 1 0 1 0 1 0 0 0 1 0 0 1 1 1 0 0 1 1 1 0 
