20 90 6
189.0 207.0 299.0 244.0 158.0 326.0 268.0 266.0 210.0 262.0 312.0 231.0 202.0 299.0 310.0 223.0 280.0 250.0 210.0 250.0 
4.0 3.8 2.7 3.2 3.3 3.2 2.2 2.9 3.0 3.6 2.5 3.6 2.3 5.0 3.8 2.2 2.4 2.8 5.1 2.1 2.8 3.6 2.0 2.6 4.2 1.9 2.4 1.3 1.9 2.5 3.4 2.0 3.1 4.6 3.2 3.9 3.3 3.1 3.7 2.3 2.6 2.4 2.5 2.8 2.9 3.3 3.9 3.7 4.9 1.9 3.4 2.1 4.3 1.9 3.2 3.7 2.2 3.7 2.0 2.8 4.1 3.7 4.3 3.3 2.3 2.4 2.4 3.4 3.4 2.4 3.4 1.9 3.0 2.8 4.1 2.6 1.5 2.9 2.7 2.1 3.1 3.2 1.7 2.9 3.3 2.7 2.4 3.1 4.4 3.7 
0 0 0 1 0 1 0 1 0 0 0 0 1 1 0 0 0 1 0 0 0 1 1 1 0 0 1 1 1 0 0 0 1 0 0 0 1 1 1 1 1 0 0 0 1 0 1 0 1 1 0 1 1 0 0 1 1 1 0 0 1 1 1 0 0 1 1 0 0 1 1 0 0 1 0 1 1 0 0 1 0 0 1 1 0 0 0 0 1 0 
0 1 1 1 1 1 0 0 1 0 0 0 0 1 0 1 1 1 1 0 1 1 0 0 1 0 0 0 1 0 0 0 1 1 0 1 1 1 1 0 1 1 1 1 0 1 1 1 1 1 0 0 1 0 0 0 0 1 0 1 0 0 0 0 1 0 0 0 1 1 0 1 0 0 1 1 1 0 1 0 1 0 0 0 0 1 1 0 1 1 
1 1 0 0 0 0 0 0 0 0 1 0 1 0 0 0 1 0 0 0 1 0 0 0 1 0 1 1 1 1 1 0 0 0 0 0 0 0 0 0 0 1 1 0 1 0 0 0 0 1 0 0 0 0 0 0 0 0 0 0 1 1 0 1 0 0 0 0 1 0 0 0 1 0 0 0 0 1 0 1 1 1 1 0 0 1 1 0 0 1 
0 0 0 1 0 1 1 0 1 1 0 0 1 0 1 1 1 0 1 0 1 1 1 1 1 1 1 1 0 1 1 1 1 0 1 0 1 0 0 0 0 0 0 1 0 1 1 1 1 0 0 0 1 0 0 0 1 1 1 1 0 1 0 0 0 1 1 0 1 1 1 1 1 1 0 1 1 0 1 0 1 0 0 0 0 0 0 1 0 0 
0 1 0 1 0 1 1 1 1 0 1 1 0 1 0 1 1 0 0 1 0 0 0 1 0 1 1 1 1 1 1 1 1 1 1 1 0 1 1 0 0 1 1 0 1 1 0 0 1 0 1 1 0 0 0 1 0 1 0 1 0 1 0 1 0 1 0 0 1 0 0 0 1 1 0 0 1 1 0 1 1 1 0 0 1 1 1 0 1 0 
1 1 1 1 0 0 1 1 1 1 1 0 0 0 1 0 1 0 0 1 0 1 1 1 1 1 0 1 0 0 1 0 1 0 0 1 0 0 1 0 0 1 0 1 1 1 1 1 0 1 0 1 1 1 0 0 1 0 1 1 1 0 0 1 0 0 1 0 1 1 1 0 1 0 0 0 0 1 1 0 0 1 1 1 1 0 0 0 1 1 
1 1 1 0 0 0 1 0 1 0 1 1 1 0 0 0 0 1 1 0 1 0 1 1 1 0 0 1 1 1 1 0 1 1 1 1 0 1 1 0 0 0 0 0 0 1 1 1 0 1 1 1 1 1 0 1 0 0 1 0 1 1 1 0 0 0 0 0 1 1 1 1 1 0 1 0 0 0 1 1 0 0 1 0 1 0 1 1 0 1 
1 1 0 0 1 0 0 1 1 0 1 0 1 1 0 1 1 1 0 1 1 1 0 1 1 1 0 0 1 1 0 1 1 0 1 0 0 1 1 0 1 0 0 1 1 0 0 0 1 0 1 1 0 1 0 1 0 1 0 0 0 1 0 1 1 0 1 1 1 1 0 1 1 0 1 0 1 1 1 0 1 1 0 0 0 1 1 1 1 0 
0 0 0 0 0 1 0 1 1 0 0 0 1 1 1 0 1 1 1 0 1 1 0 0 0 1 0 0 1 1 0 1 1 1 1 0 1 0 0 1 0 1 0 0 1 1 0 0 1 0 1 1 1 0 0 0 0 1 1 1 1 1 0 0 0 1 0 0 1 1 0 1 1 0 0 1 1 0 1 1 0 1 0 1 0 0 0 1 1 1 
0 1 0 1 1 1 1 0 0 0 0 1 0 0 0 1 1 0 0 1 0 0 1 1 0 0 1 1 0 1 0 0 0 1 0 0 0 1 1 0 1 1 0 0 1 1 0 0 1 1 1 1 0 1 1 0 1 1 1 1 1 0 1 1 1 0 1 1 0 0 1 0 1 0 0 1 1 0 0 0 0 1 1 1 1 1 0 1 0 1 
0 1 1 0 1 0 1 0 1 1 1 0 0 1 1 0 0 0 1 0 0 0 0 1 0 0 0 1 1 1 1 1 0 1 1 0 1 0 0 1 1 0 0 1 1 0 0 0 1 1 0 0 0 0 0 1 1 0 0 0 1 1 0 0 0 1 1 0 1 0 0 1 1 1 0 0 0 0 1 1 0 0 1 0 1 0 1 1 0 1 
1 0 0 0 1 0 0 1 1 0 1 1 0 1 0 0 1 0 0 1 1 0 0 0 0 1 1 0 1 0 0 0 0 0 1 0 0 0 1 1 0 0 0 0 1 0 0 1 0 1 0 0 1 1 0 1 0 0 0 1 1 1 1 1 0 1 0 1 1 1 1 1 1 1 1 0 1 1 0 0 1 0 1 1 1 0 0 1 1 0 
0 1 1 1 0 1 0 0 1 1 1 1 1 0 0 1 1 1 0 1 1 0 1 1 1 0 1 0 1 1 0 0 0 1 0 0 1 0 0 0 0 1 0 1 1 0 0 0 1 1 0 1 0 1 0 1 1 0 1 0 0 1 0 0 1 1 1 0 1 0 0 1 1 0 0 1 1 0 0 1 1 0 1 1 0 0 0 1 1 0 
1 1 1 0 0 1 1 0 1 0 0 1 0 1 1 1 1 1 0 0 0 0 1 0 0 1 1 0 1 1 1 0 0 1 1 1 0 0 0 1 0 0 0 0 1 0 1 1 0 0 1 1 0 0 0 0 0 1 0 0 0 1 1 0 0 1 0 0 1 1 0 1 1 1 0 1 1 1 1 0 0 0 0 0 1 1 1 0 1 1 
1 0 1 1 0 0 1 0 1 0 0 1 0 0 0 1 0 1 1 0 1 0 0 1 1 0 0 1 1 0 0 0 1 1 0 0 0 1 0 0 0 0 0 0 1 1 1 1 0 0 1 1 0 1 0 0 1 0 0 0 1 0 1 0 1 0 0 0 1 1 1 0 0 0 0 1 0 0 0 0 0 0 1 0 1 1 1 0 0 1 
1 1 1 1 1 1 0 0 0 0 0 0 0 0 1 1 1 1 1 1 1 1 1 0 0 1 1 1 0 0 1 1 1 0 1 1 0 1 1 1 0 0 1 1 0 0 1 0 1 1 0 0 0 1 1 1 1 0 0 1 0 0 1 0 0 1 0 1 0 1 1 1 0 1 1 1 0 1 0 0 0 1 0 1 1 1 0 1 0 0 
0 1 0 1 0 0 0 1 0 1 1 1 0 0 1 1 0 0 1 1 1 0 1 1 1 1 1 1 0 0 0 1 0 0 1 0 0 1 0 1 1 1 0 0 1 1 0 1 1 0 0 1 1 1 1 0 0 1 0 1 0 0 1 0 1 1 1 1 1 1 1 1 0 0 1 0 1 0 0 0 1 1 0 1 0 0 1 0 0 1 
0 1 1 0 0 1 0 0 0 0 0 0 0 0 0 0 0 0 0 1 1 0 1 0 0 0 0 1 1 1 1 1 1 0 0 0 1 1 0 1 0 1 1 1 0 1 0 1 0 1 0 0 0 0 1 1 0 0 0 1 1 1 1 0 1 0 0 1 1 0 0 1 1 0 1 0 0 0 1 0 1 0 0 1 1 0 0 1 1 0 
0 0 0 0 1 1 0 1 1 1 0 0 1 0 0 0 1 0 1 1 1 1 1 0 1 1 1 1 0 0 1 1 1 0 1 0 0 0 1 0 0 0 1 0 0 1 0 1 0 0 0 0 0 1 0 0 1 0 1 0 1 0 0 0 0 1 1 0 1 1 1 0 1 1 1 0 0 0 0 0 1 0 0 0 0 0 1 1 0 0 
0 1 0 0 0 0 1 0 0 0 0 0 0 1 0 1 0 0 1 1 1 1 0 0 1 0 1 0 0 1 1 0 0 1 1 1 1 0 0 1 0 1 1 0 0 1 1 0 0 1 0 1 1 0 1 0 1 1 0 1 0 1 1 1 0 0 1 1 0 1 0 0 0 0 1 0 1 1 1 0 0 0 0 1 0 0 1 1 1 1 
