30 70 7
270.0 285.0 263.0 232.0 149.0 178.0 205.0 214.0 240.0 366.0 295.0 262.0 256.0 243.0 221.0 149.0 216.0 260.0 217.0 208.0 132.0 249.0 187.0 243.0 241.0 180.0 185.0 220.0 188.0 296.0 
3.8 2.2 4.1 3.3 3.3 3.3 2.7 3.4 4.2 3.0 2.7 4.2 3.1 4.4 4.0 2.8 5.0 4.7 2.6 3.6 4.9 3.6 4.2 3.4 3.7 5.0 3.3 3.4 4.4 4.2 3.7 3.8 3.4 3.4 4.1 4.3 3.8 3.0 3.1 2.7 2.8 4.4 3.1 3.4 3.0 2.8 3.2 3.9 2.8 3.7 4.1 2.7 4.0 3.1 1.8 3.7 3.0 2.3 2.4 3.3 1.7 3.0 3.9 3.0 4.7 5.3 4.7 3.8 2.5 4.3 
0 0 0 1 1 1 1 1 1 1 0 1 1 1 0 1 0 1 0 1 0 1 1 0 0 0 1 0 0 0 1 0 0 1 0 1 1 0 1 0 0 0 1 0 0 0 0 1 1 0 0 1 0 1 0 1 0 0 1 0 0 0 0 0 1 0 0 0 1 1 
0 0 0 1 1 1 0 0 1 0 0 1 0 0 1 0 0 0 0 0 0 1 1 0 1 1 1 0 1 0 0 1 0 0 0 0 1 0 0 1 0 1 0 1 1 0 1 1 1 1 0 0 1 0 0 0 0 1 0 0 1 0 1 1 0 1 1 1 1 1 
0 1 1 1 0 0 0 0 1 0 0 0 1 0 0 0 1 1 0 1 0 1 1 1 0 0 0 1 1 0 0 0 0 0 0 0 1 1 1 1 1 1 1 0 1 1 0 0 0 0 1 0 1 0 0 1 1 0 1 0 0 1 1 0 0 1 0 1 1 0 
1 1 0 1 0 0 0 1 0 1 0 1 0 0 1 1 0 0 0 0 1 0 1 0 1 1 1 1 0 1 1 0 0 1 1 1 0 0 0 0 1 0 0 0 0 1 1 1 1 0 1 0 1 1 0 1 0 0 1 0 0 1 1 1 1 0 1 1 0 0 
1 0 1 0 1 1 0 0 0 1 0 0 1 1 1 1 0 0 1 1 1 0 1 1 0 1 1 0 0 0 1 1 1 0 0 0 0 1 1 0 0 0 1 1 0 0 1 1 0 1 0 0 0 1 1 0 1 1 0 0 0 0 0 1 0 0 0 1 1 1 
0 1 0 0 0 1 1 0 1 0 0 1 1 0 1 0 0 0 0 1 0 1 0 0 1 1 1 0 1 1 1 1 1 0 1 0 1 0 0 0 1 1 1 0 0 0 0 1 0 0 1 0 1 1 1 0 0 0 0 1 0 0 0 0 0 0 1 0 0 1 
1 0 1 1 0 0 1 0 0 1 0 0 0 1 0 0 1 1 0 0 0 1 0 0 0 1 1 0 1 1 1 0 0 0 0 0 1 0 1 0 1 1 0 1 1 1 1 1 1 0 1 0 0 0 1 0 0 0 0 1 1 0 0 0 0 1 0 0 0 0 
0 0 0 1 1 1 1 0 1 1 0 0 1 0 1 1 0 1 0 0 0 1 0 0 1 1 0 1 0 1 1 1 0 1 0 0 1 0 0 0 0 0 1 0 1 1 0 0 0 1 1 0 0 1 1 1 1 1 1 1 0 0 1 0 1 0 0 0 1 0 
0 1 1 0 1 1 0 1 0 1 0 0 0 1 0 0 0 0 1 0 0 1 0 0 0 1 0 1 1 1 0 1 1 0 1 0 0 0 0 0 0 0 0 1 0 0 0 1 0 0 0 0 0 1 0 1 1 0 0 1 1 0 0 1 0 0 0 1 1 0 
1 0 1 0 1 0 1 0 0 0 1 1 1 0 0 1 0 0 0 0 0 0 1 0 0 1 0 0 0 0 1 1 0 0 0 1 1 1 0 1 0 1 0 1 0 1 0 1 1 1 1 1 0 1 1 1 0 0 0 1 0 0 0 1 1 0 1 1 1 1 
1 0 1 0 1 0 0 1 1 1 0 1 1 0 1 0 1 0 1 0 0 1 0 1 0 0 0 0 0 1 0 0 0 1 1 1 1 0 0 0 0 1 0 1 1 0 1 1 1 1 1 1 1 0 0 0 1 0 1 1 0 0 1 1 1 0 0 0 0 0 
1 1 1 1 0 0 1 0 1 1 0 1 1 1 0 0 1 0 1 0 1 0 1 1 0 0 1 0 0 1 1 1 1 1 0 0 0 0 0 0 1 1 0 1 0 0 1 0 1 0 0 1 1 1 0 1 0 0 0 0 0 0 0 1 1 1 1 0 1 1 
1 0 1 0 1 0 0 1 0 0 1 1 1 0 0 1 0 1 1 1 0 1 0 1 0 0 0 0 0 1 0 0 1 0 0 0 1 1 0 0 0 0 0 1 1 1 1 1 1 1 1 0 1 0 0 1 0 0 0 1 0 1 0 0 1 0 0 1 1 0 
0 0 0 0 1 1 1 0 0 1 1 0 1 1 0 1 0 1 1 0 0 0 1 1 1 0 1 1 0 1 1 0 1 0 0 0 1 1 1 1 0 0 0 0 1 1 0 0 1 1 0 0 0 0 0 0 1 0 0 0 0 0 1 0 0 1 1 1 1 0 
0 0 0 0 1 1 1 1 0 1 0 0 0 1 0 0 0 1 0 1 0 1 1 1 0 0 0 0 1 1 1 1 1 0 0 1 0 0 1 1 0 1 0 1 1 1 0 1 1 1 1 1 1 0 1 1 1 1 0 1 1 0 0 0 1 1 0 0 0 0 
0 0 0 1 1 0 0 0 0 0 1 1 0 1 1 1 1 1 1 0 1 1 1 1 1 1 0 0 1 0 1 1 1 1 1 0 0 0 0 0 0 0 0 1 0 0 0 1 0 1 1 0 1 1 0 1 0 1 0 0 0 0 0 1 0 0 0 0 0 1 
0 0 1 0 1 0 0 0 0 0 0 1 0 0 1 1 0 1 0 1 0 1 1 0 0 0 0 0 0 1 1 1 0 0 1 0 0 0 1 0 1 1 1 1 0 1 1 0 1 1 1 0 1 0 0 1 1 1 0 1 1 0 0 0 1 0 0 1 1 1 
0 0 0 0 1 0 1 1 1 0 0 1 1 0 0 0 1 0 0 1 0 0 1 0 0 0 1 0 1 0 1 1 1 0 0 0 0 0 0 1 0 0 1 0 0 1 0 1 0 1 1 1 0 1 0 0 1 0 0 1 0 0 0 0 1 1 1 1 0 0 
1 1 0 0 1 0 0 1 1 1 1 1 1 0 1 1 0 0 0 1 0 1 0 1 0 1 0 1 0 0 1 1 0 0 1 0 0 1 1 0 1 1 0 0 0 1 0 0 1 1 0 1 1 0 1 1 1 1 0 0 1 0 1 0 0 0 0 1 0 0 
0 1 0 1 0 0 0 1 0 0 0 1 1 0 1 0 1 1 1 1 1 0 1 0 1 1 0 1 0 1 0 0 0 0 1 0 1 0 0 0 1 0 1 1 0 1 1 1 1 1 0 1 1 1 0 0 0 1 1 0 0 1 0 1 1 1 1 0 0 1 
0 1 0 1 1 0 1 1 1 0 0 1 1 1 0 1 1 0 1 1 1 0 0 0 1 1 0 0 1 1 0 1 0 1 1 0 1 1 1 1 1 0 1 0 1 0 1 0 1 1 0 1 1 0 0 1 0 1 1 1 0 1 1 0 0 1 1 1 0 1 
1 1 1 1 0 1 0 0 0 1 1 0 0 1 0 0 1 0 1 0 0 1 1 1 0 1 0 1 0 1 0 0 1 0 0 0 1 1 1 1 1 1 0 0 1 0 1 0 0 0 0 0 0 0 0 0 1 0 0 1 0 0 0 1 1 1 1 0 1 1 
0 0 1 1 0 0 0 1 1 1 0 1 1 0 0 1 0 0 1 1 1 0 0 1 1 0 1 0 1 1 1 1 0 0 0 0 0 1 1 1 0 1 0 1 1 0 1 1 0 0 0 1 0 0 0 0 1 1 1 1 0 0 0 1 0 0 0 0 1 0 
0 0 1 0 1 1 0 0 0 0 1 1 0 1 0 0 1 1 1 0 0 0 1 1 0 0 1 1 1 0 1 0 1 0 1 0 1 0 1 1 1 0 1 0 1 1 1 0 0 1 0 0 0 0 0 0 1 0 1 0 1 1 1 1 0 0 0 1 0 1 
0 1 1 1 1 0 0 1 1 1 0 0 1 0 1 1 0 1 0 1 0 1 1 1 0 1 0 0 1 1 1 0 1 0 1 1 1 0 1 0 1 0 0 1 1 1 0 0 0 1 1 1 1 0 1 1 0 1 1 0 0 1 1 1 1 1 1 0 0 0 
1 0 1 0 1 0 0 1 0 0 1 1 0 0 1 0 0 0 1 1 0 0 1 0 1 0 0 0 0 1 1 0 0 0 0 1 0 0 1 0 1 0 0 1 0 0 1 0 1 0 0 1 1 0 1 0 0 0 0 1 1 1 1 1 0 1 0 1 0 1 
0 1 1 1 1 0 1 0 1 0 1 1 0 1 1 1 1 0 1 1 1 1 0 0 1 1 0 0 0 0 1 0 1 1 1 0 0 0 0 0 0 1 1 1 1 1 1 1 1 0 0 0 0 0 0 1 1 1 1 1 1 1 1 1 0 0 0 1 1 1 
0 0 1 0 1 0 1 0 0 1 1 1 1 0 0 1 0 1 0 0 1 1 1 1 1 0 1 1 1 0 1 1 0 0 1 1 0 1 0 0 0 0 1 1 1 1 1 1 1 1 1 1 0 0 0 0 1 1 0 1 0 0 1 1 0 0 0 0 0 1 
1 0 1 1 1 1 0 1 1 1 1 0 1 1 0 0 0 0 1 1 1 0 0 0 0 1 1 1 1 1 0 0 0 0 1 1 1 1 0 0 1 1 1 1 0 0 1 0 1 0 0 0 0 0 1 1 0 0 0 1 0 0 1 0 1 0 1 1 0 1 
1 1 0 1 1 1 1 1 1 1 0 1 0 1 1 0 1 1 1 0 0 0 0 0 1 0 0 0 0 1 1 1 1 0 1 1 0 1 0 1 1 0 1 0 1 1 0 0 1 1 1 0 0 1 0 0 1 1 0 0 1 1 0 0 0 0 0 0 0 0 
