30 30 7
325.0 169.0 170.0 192.0 267.0 308.0 324.0 206.0 193.0 298.0 310.0 296.0 268.0 290.0 131.0 184.0 357.0 157.0 294.0 171.0 275.0 280.0 352.0 227.0 243.0 247.0 178.0 310.0 232.0 235.0 
4.3 4.0 3.8 4.8 2.3 2.6 3.9 3.0 3.8 4.3 3.6 4.2 4.3 3.6 1.9 2.3 3.2 4.3 3.8 2.8 2.9 4.4 3.4 2.8 2.1 4.8 5.0 3.1 2.3 2.5 
0 1 1 1 0 1 1 0 0 1 0 0 1 0 0 0 0 0 0 0 0 0 1 1 1 1 1 0 1 1 
0 1 1 0 0 1 0 1 1 0 1 0 1 1 1 1 0 1 0 1 1 0 1 0 1 0 1 1 1 1 
1 0 1 1 0 0 1 0 1 0 1 0 0 1 1 1 1 0 1 1 1 0 0 1 0 0 1 0 0 1 
0 0 0 1 1 0 1 1 0 0 1 1 0 1 0 1 1 1 0 1 1 0 0 1 1 1 1 1 1 1 
1 1 0 1 0 1 0 0 0 1 0 1 1 0 1 1 0 0 1 1 0 1 1 0 0 1 0 0 1 0 
0 1 0 1 0 1 0 1 1 0 0 0 1 0 0 1 0 1 1 0 0 0 1 0 1 0 1 1 0 1 
0 0 1 0 1 0 1 0 0 0 1 0 1 1 1 1 0 1 0 0 1 1 0 1 1 0 0 1 0 0 
0 1 1 0 1 0 1 0 1 0 1 1 0 1 0 1 1 0 1 0 1 1 1 1 1 0 0 0 0 1 
1 1 1 0 0 0 1 0 1 0 1 0 0 1 1 1 0 0 1 1 1 0 0 0 1 0 0 0 1 0 
0 1 1 1 1 0 0 0 0 0 0 1 0 0 1 0 1 0 1 0 1 1 1 1 0 1 0 0 0 1 
1 1 1 0 0 0 1 0 0 1 1 0 1 0 0 1 1 1 0 0 1 1 1 0 1 0 0 1 1 1 
1 0 0 1 1 1 0 1 0 0 0 1 0 0 0 1 1 0 0 1 0 1 1 1 0 0 1 1 1 1 
0 0 0 1 0 1 0 0 0 0 0 0 0 0 0 1 1 0 0 0 1 0 1 0 1 0 0 0 0 1 
1 1 0 1 1 1 1 0 0 0 0 0 0 1 0 0 1 1 0 0 1 1 0 1 1 1 0 1 1 1 
1 0 0 1 1 0 1 0 0 1 0 1 0 0 1 1 0 0 0 1 1 0 1 0 0 0 1 0 0 0 
0 1 0 0 0 1 0 1 0 0 1 0 1 0 0 1 0 1 0 0 1 0 1 0 1 0 0 1 0 0 
1 0 1 1 1 0 1 1 0 1 1 1 1 1 1 0 0 0 1 1 1 0 1 0 1 1 0 0 1 1 
1 1 0 1 1 0 0 0 0 1 0 0 1 0 1 0 0 1 0 1 0 0 0 1 1 1 1 0 1 1 
0 1 0 0 1 1 0 0 0 0 1 1 0 1 0 1 0 1 1 0 0 1 0 0 0 1 0 0 0 0 
0 0 0 1 0 0 0 0 0 1 1 1 1 1 0 1 0 0 1 0 1 1 0 0 0 1 0 1 0 0 
0 0 0 1 1 1 0 0 0 0 1 0 0 1 1 0 0 1 1 1 1 1 1 1 0 0 0 0 1 1 
1 1 0 0 1 1 1 1 0 0 1 1 1 1 0 0 1 1 0 0 0 0 1 0 1 0 1 1 1 1 
1 0 1 1 1 1 1 0 1 0 1 0 0 0 1 1 0 1 0 0 0 0 0 1 1 1 1 0 0 0 
1 1 0 0 0 1 1 1 0 1 1 1 0 0 1 1 0 0 0 1 0 1 0 1 0 1 1 1 0 1 
0 1 1 1 1 1 1 0 0 0 0 0 0 0 0 1 0 0 0 1 0 1 0 1 1 0 1 1 0 0 
0 0 1 0 1 1 0 1 1 0 1 0 1 1 1 1 0 1 1 0 1 1 1 1 1 0 1 1 1 0 
0 0 1 0 1 1 0 0 0 1 0 0 0 1 1 1 1 1 0 1 1 1 1 0 0 1 0 0 0 1 
1 0 1 0 0 0 0 1 1 1 0 1 1 1 1 0 1 0 0 1 0 0 1 0 1 0 1 0 1 0 
1 1 1 0 0 1 0 1 1 0 0 1 0 0 0 0 1 0 1 0 1 0 0 1 1 1 1 0 0 0 
1 1 0 1 1 0 1 1 0 0 0 1 1 0 1 1 1 1 0 0 0 1 0 1 1 0 0 1 0 0 
