30 70 8
232.0 225.0 365.0 136.0 235.0 283.0 316.0 309.0 306.0 264.0 230.0 265.0 245.0 199.0 358.0 332.0 189.0 230.0 233.0 232.0 207.0 346.0 304.0 310.0 244.0 342.0 289.0 205.0 221.0 280.0 
5.5 4.6 3.6 2.9 3.1 3.1 5.5 3.0 3.0 5.1 4.0 2.9 4.3 4.9 3.4 3.9 3.7 4.4 4.0 2.6 5.1 4.1 3.5 4.9 1.9 4.5 3.6 5.1 2.8 5.5 2.5 5.5 4.6 5.0 4.5 3.4 4.1 3.0 3.6 3.6 4.1 3.4 4.5 4.0 5.0 3.1 3.9 3.0 4.5 4.5 3.7 3.7 3.3 3.9 4.2 2.7 5.2 3.7 5.7 4.1 2.8 5.1 3.1 2.9 3.8 4.5 5.5 2.9 3.2 3.9 
1 1 1 1 1 1 0 1 1 0 0 0 0 0 1 1 0 0 0 0 1 1 0 0 1 0 0 0 0 0 1 1 1 1 0 1 0 1 1 1 1 0 0 1 0 0 0 1 0 0 0 0 0 0 1 1 0 1 0 1 1 0 0 1 1 1 0 0 0 0 
0 1 1 0 1 0 0 0 1 1 1 1 1 1 1 1 1 0 1 1 1 0 1 1 0 0 1 0 0 0 0 0 0 1 1 1 0 1 0 1 1 1 0 0 1 1 0 0 1 1 0 1 0 0 0 1 0 1 1 0 0 0 1 1 0 1 0 1 0 1 
0 1 0 0 1 0 1 0 0 0 1 1 1 0 1 0 1 1 0 0 0 1 1 1 0 0 0 1 1 1 1 1 0 0 1 1 1 1 0 0 1 0 0 1 1 0 1 0 0 1 0 0 0 1 1 1 1 1 1 1 0 0 0 0 1 0 1 0 1 0 
1 0 1 1 1 1 0 0 0 0 0 1 0 0 0 1 0 1 0 1 1 0 1 1 0 1 0 1 0 1 0 0 0 0 1 0 1 0 1 1 0 0 0 0 1 0 0 0 1 0 1 1 0 0 1 1 0 0 0 1 1 0 0 0 1 1 0 0 1 1 
0 1 1 0 0 0 1 0 1 0 1 0 1 0 0 1 0 1 1 1 1 1 0 0 0 1 1 1 1 1 0 1 0 0 0 1 1 1 0 0 1 1 0 1 1 0 1 0 0 0 1 1 1 1 1 1 0 0 1 1 1 1 1 1 1 1 1 1 0 0 
1 0 0 1 0 0 0 0 1 1 1 1 1 1 1 0 0 0 1 0 1 0 1 1 1 1 1 0 1 0 1 0 0 0 0 1 0 0 0 1 0 1 0 0 1 0 1 0 1 0 1 0 1 1 0 1 0 0 1 1 0 1 1 1 0 1 1 0 0 0 
0 1 1 1 0 0 1 1 1 1 1 0 1 1 1 0 0 0 0 1 0 1 1 0 1 1 1 0 1 0 0 1 1 0 1 1 0 1 1 0 0 0 0 1 1 0 0 1 1 1 0 1 0 1 0 0 0 1 0 0 1 1 0 0 0 1 1 1 0 1 
0 1 0 1 0 0 1 1 1 1 1 0 1 1 1 1 0 0 0 1 0 0 0 1 0 1 1 1 1 0 0 0 0 1 0 0 0 1 0 0 1 0 1 0 0 0 1 1 0 0 1 0 1 0 1 0 1 0 1 0 0 0 1 0 0 1 1 0 1 0 
0 1 0 1 0 0 1 1 1 0 0 1 1 1 1 0 0 0 0 0 1 0 1 0 1 0 0 0 0 1 0 0 0 1 0 0 1 1 1 1 1 1 1 0 0 0 0 0 1 0 1 0 1 1 1 1 1 1 1 1 1 1 1 0 0 1 1 0 1 1 
1 1 1 1 1 0 0 0 0 0 0 0 1 0 0 1 1 0 1 1 1 1 0 0 1 1 1 1 0 1 0 0 0 1 0 1 1 1 1 0 0 1 1 1 1 0 0 0 0 1 0 1 0 0 0 1 0 1 1 1 1 1 0 1 0 1 1 1 1 1 
0 1 1 1 0 0 1 0 1 0 0 1 1 0 0 0 0 1 1 1 1 1 1 0 0 0 1 1 0 0 0 0 1 0 0 1 1 0 0 1 0 0 0 1 0 1 0 0 1 1 0 0 0 0 0 1 1 0 1 0 0 0 1 0 1 0 1 1 1 1 
1 1 0 0 0 0 1 0 0 1 1 0 1 1 0 1 1 0 0 1 1 0 1 0 0 0 1 0 0 1 1 0 0 1 0 1 0 0 0 1 0 0 0 1 0 0 1 1 1 1 0 1 1 0 0 1 1 0 0 1 0 1 1 0 1 0 1 1 1 1 
1 1 0 0 1 1 1 0 1 1 0 0 1 0 0 0 1 1 1 1 1 0 1 1 0 1 1 0 1 0 0 0 0 1 1 1 0 0 1 0 1 1 0 0 1 1 1 0 0 0 1 0 1 1 1 0 0 1 1 1 1 1 0 1 0 1 1 1 0 0 
1 0 0 0 1 0 1 0 1 0 0 1 0 1 0 0 0 1 0 0 1 1 1 1 0 0 1 1 0 0 1 1 1 0 1 1 0 1 0 1 1 1 0 0 0 1 0 1 1 1 1 1 1 1 1 1 0 1 1 0 1 1 0 1 0 0 1 0 1 0 
1 0 0 0 1 0 1 1 1 0 1 1 1 1 1 1 0 0 0 0 0 0 1 1 1 0 1 1 0 0 1 0 1 1 0 0 1 1 1 0 0 1 0 1 0 0 1 1 1 0 1 0 1 1 1 1 1 1 1 0 0 1 1 0 1 0 0 0 0 0 
0 0 1 0 1 0 0 1 0 1 1 0 0 1 0 1 1 0 1 0 1 0 1 0 1 0 0 0 1 1 1 0 1 0 1 1 1 0 0 1 1 0 0 1 0 1 1 1 0 0 0 0 0 1 1 1 1 0 0 0 1 1 0 0 1 1 1 1 0 1 
0 0 0 0 0 1 0 0 1 1 0 0 0 0 1 0 1 1 0 0 0 1 0 0 1 1 0 1 1 1 1 1 1 0 0 0 0 0 0 0 0 1 0 0 1 0 0 0 1 1 0 0 0 1 1 1 1 1 0 1 1 0 0 1 1 0 0 0 1 0 
1 1 0 0 1 1 0 0 1 1 0 0 0 1 1 0 1 0 0 0 1 0 0 1 0 1 1 0 0 1 0 0 0 1 1 0 0 1 1 1 1 1 0 0 1 0 1 0 1 0 1 0 0 1 0 1 1 1 0 1 0 1 1 1 0 0 1 1 0 1 
1 1 1 0 1 0 1 1 0 1 0 1 1 0 0 0 0 0 0 0 1 0 1 1 0 1 1 1 0 1 0 0 0 0 1 0 0 1 1 1 0 1 0 0 1 0 0 1 0 0 0 1 0 0 1 0 0 0 1 0 1 0 1 0 0 1 1 1 0 1 
0 0 1 0 1 1 0 1 0 0 1 1 1 1 1 1 1 1 1 1 0 1 1 1 0 1 1 1 0 1 1 1 0 1 1 0 0 0 1 1 0 0 0 0 1 0 0 0 1 0 0 1 0 1 0 1 1 0 0 1 1 0 1 0 1 0 0 0 0 1 
0 0 0 0 1 0 0 0 0 0 1 1 0 0 1 0 1 1 1 0 1 1 0 0 1 0 0 0 0 1 1 1 0 0 0 0 1 1 1 0 1 1 1 0 1 0 1 0 0 0 1 0 1 0 1 1 0 1 0 0 0 0 0 0 0 0 0 0 0 0 
0 0 1 1 0 0 0 1 1 1 0 0 1 0 0 1 1 1 1 0 1 0 1 1 0 0 0 1 0 1 0 1 1 1 0 0 0 0 1 1 0 0 1 1 1 1 0 0 0 0 0 1 0 1 0 1 1 0 1 1 0 1 0 0 0 1 0 0 0 1 
1 0 1 0 0 0 0 1 1 0 1 1 1 1 1 0 1 1 1 0 1 0 0 0 0 1 1 0 0 1 1 0 1 0 0 1 0 0 0 1 1 1 0 1 1 0 1 1 0 1 0 0 0 1 1 0 0 0 0 0 1 0 0 0 0 0 0 0 0 0 
0 0 1 1 0 1 1 1 0 1 0 1 1 0 0 1 1 1 1 0 1 0 1 0 0 0 1 1 1 1 1 1 0 1 0 0 0 0 0 0 0 0 0 0 0 1 1 1 0 0 1 1 0 0 0 0 0 1 0 0 1 0 0 0 0 1 1 1 1 0 
0 1 1 0 0 0 0 1 1 1 0 0 1 1 0 0 1 1 1 0 1 1 0 1 0 1 1 0 1 0 0 0 0 0 0 1 0 0 1 1 1 0 1 1 0 1 1 1 0 1 0 1 1 1 1 1 0 1 0 0 1 1 0 0 1 0 1 0 1 0 
1 0 1 0 1 0 0 0 0 0 1 0 0 1 1 0 1 1 1 1 1 0 0 0 1 0 0 0 0 1 1 0 0 1 0 1 0 0 0 0 0 0 1 1 1 1 1 0 0 0 1 1 0 1 1 0 0 1 0 1 0 0 1 0 0 0 1 1 0 1 
1 1 1 1 1 1 1 0 1 0 0 1 1 1 0 1 0 0 1 1 0 0 1 0 0 1 1 1 1 1 0 0 0 0 1 0 1 1 1 1 0 0 0 1 1 0 1 1 1 0 1 0 0 0 1 1 0 1 0 0 1 1 1 1 0 1 1 0 1 0 
1 0 1 1 1 1 0 0 0 1 1 0 1 0 0 0 0 1 0 0 0 1 1 1 1 0 0 1 0 0 0 0 0 0 0 1 0 1 1 1 0 1 1 1 0 0 1 0 1 1 0 0 1 1 1 0 0 0 0 1 1 1 1 0 0 1 0 0 0 1 
0 0 0 0 1 0 1 0 1 0 0 1 1 0 0 0 0 0 0 1 1 1 1 1 0 1 0 0 0 0 0 1 0 1 0 0 0 0 0 1 0 1 1 1 1 1 0 0 0 1 0 1 0 0 0 1 1 0 0 0 1 0 1 1 0 0 1 1 1 1 
1 1 0 1 0 1 0 1 1 1 1 0 0 1 1 0 1 1 0 0 1 0 0 1 0 1 1 0 0 1 0 1 0 1 0 1 1 1 1 0 1 0 0 1 0 0 1 0 1 1 1 0 1 0 1 1 0 0 1 0 1 0 1 0 1 1 0 1 0 1 
