30 50 7
310.0 188.0 319.0 340.0 147.0 287.0 155.0 342.0 239.0 313.0 215.0 315.0 297.0 244.0 265.0 294.0 240.0 322.0 233.0 274.0 187.0 211.0 286.0 269.0 190.0 239.0 236.0 242.0 281.0 234.0 
3.3 3.1 3.5 3.2 2.9 2.1 3.8 2.4 3.1 2.4 3.4 4.2 3.5 4.6 2.7 2.6 3.7 4.3 4.8 2.3 3.7 2.6 1.1 2.8 4.2 5.3 2.6 3.7 4.6 3.8 5.4 3.3 5.0 2.8 4.1 3.4 4.3 5.0 2.5 4.3 2.7 4.2 2.4 2.3 2.6 3.7 3.0 4.3 2.8 2.6 
1 0 1 1 1 0 1 1 0 1 1 1 1 1 0 1 1 0 1 1 1 1 0 0 0 1 1 1 1 1 1 0 0 1 0 1 1 1 1 0 1 1 1 1 1 1 1 1 0 0 
0 1 0 0 1 0 1 1 1 1 1 0 1 1 0 0 1 0 0 0 1 1 1 1 1 0 1 1 1 1 1 1 0 1 0 1 0 1 0 0 1 1 0 0 0 0 1 1 1 0 
1 1 1 0 0 1 0 0 1 1 1 0 1 1 1 0 0 0 1 1 1 1 0 1 1 0 1 1 1 0 0 1 1 1 1 1 0 0 0 1 1 0 1 1 0 1 1 0 0 1 
0 1 0 0 0 1 1 1 1 1 0 1 0 0 0 1 1 1 1 1 0 0 0 1 1 0 0 0 1 1 0 0 1 1 0 1 0 1 0 1 0 1 0 1 0 1 1 0 0 1 
0 1 1 1 0 1 0 1 1 0 0 1 0 1 1 1 0 0 1 1 0 1 0 0 1 1 0 1 1 1 1 0 0 1 0 0 1 0 0 1 1 1 0 1 1 1 1 1 0 1 
1 0 1 1 1 1 0 1 1 1 1 1 0 1 1 0 1 0 0 1 0 0 1 1 1 0 1 0 1 0 0 1 1 1 1 1 0 0 0 1 0 1 0 0 0 0 1 1 1 0 
1 1 0 1 1 0 1 1 0 0 1 0 1 1 1 1 0 1 0 0 0 0 1 1 0 1 1 1 0 1 1 0 0 1 1 1 1 1 1 0 1 1 1 1 0 0 0 0 0 0 
0 0 0 0 1 0 1 1 0 0 1 0 1 0 0 0 1 0 1 0 1 1 1 1 1 1 1 0 0 0 0 1 0 1 0 1 1 1 1 1 0 0 0 1 1 1 1 1 0 1 
1 0 0 1 1 1 0 0 1 0 0 0 1 0 1 0 0 0 0 0 0 1 1 1 1 1 0 0 0 0 0 0 0 1 1 1 1 1 0 1 1 1 0 0 0 1 1 0 0 1 
0 0 1 0 1 0 0 0 0 1 1 1 1 0 1 0 0 0 1 0 1 1 0 0 0 1 0 1 0 1 0 0 0 0 1 0 1 1 1 1 1 1 1 0 1 1 1 1 0 1 
1 0 0 1 0 0 1 1 0 1 1 1 1 0 1 0 0 0 0 1 1 1 1 1 1 1 0 0 1 0 1 1 0 0 1 0 1 1 0 1 0 1 0 0 0 0 1 1 1 1 
1 0 0 1 1 1 1 1 0 0 1 1 0 0 0 0 1 1 0 1 0 0 1 1 1 1 1 0 0 0 1 0 1 0 0 1 0 1 1 0 0 0 0 0 0 1 1 0 1 1 
1 1 0 1 1 0 0 0 1 0 1 0 1 0 1 0 1 0 1 0 0 0 0 0 0 1 0 0 1 0 1 0 0 0 1 1 1 1 0 1 0 1 1 0 0 0 1 1 0 1 
0 1 0 1 1 1 1 0 0 0 1 0 1 0 1 0 1 1 1 0 0 1 1 0 1 0 1 1 1 0 0 0 1 1 0 1 1 0 0 1 1 0 0 0 0 0 1 0 1 0 
1 0 0 1 1 0 0 0 1 1 1 1 0 1 1 0 1 0 1 1 1 0 1 0 1 0 0 1 1 0 0 1 1 0 0 0 1 0 1 1 0 1 1 0 1 1 0 1 1 0 
1 0 1 1 0 1 1 1 1 0 1 1 1 1 1 0 1 1 1 1 0 1 1 1 1 0 0 0 1 0 1 0 1 1 0 1 1 0 1 1 0 1 0 1 0 0 1 0 0 1 
1 1 0 0 1 1 1 1 1 1 1 0 1 0 1 1 0 1 1 1 1 1 0 1 1 0 1 1 1 1 0 1 1 1 1 0 1 0 1 0 1 1 1 0 1 0 1 0 0 1 
1 0 0 1 1 1 0 1 1 1 1 1 0 0 0 0 1 0 0 0 1 0 0 0 0 1 1 1 1 0 0 0 0 0 1 1 0 0 0 1 0 1 0 0 0 0 1 0 0 1 
1 0 0 1 0 0 1 1 1 1 0 1 1 0 0 0 0 1 1 1 1 1 0 0 1 1 0 1 0 1 0 1 1 1 1 1 1 1 1 1 0 1 0 0 1 1 1 0 1 0 
1 0 1 1 1 1 1 1 1 1 0 1 0 1 0 0 0 0 1 0 0 0 1 1 1 0 1 0 1 1 0 0 1 1 0 1 1 1 0 1 0 0 1 1 1 0 1 0 0 0 
0 0 1 1 1 0 1 1 0 1 1 0 0 0 0 0 0 0 0 1 1 1 0 1 0 0 0 1 0 1 0 0 1 0 0 0 1 1 1 0 1 1 1 0 1 0 0 1 0 1 
0 0 0 1 1 1 0 0 0 1 0 0 1 0 1 0 0 1 0 0 1 1 1 1 0 1 1 1 0 1 1 0 1 0 0 0 0 1 1 0 0 0 0 0 0 1 1 0 0 1 
0 1 0 0 0 0 0 0 0 0 1 0 1 1 0 1 1 0 0 1 0 1 0 0 0 0 0 0 0 0 1 0 0 1 1 1 1 0 1 0 1 0 1 1 0 1 1 1 1 1 
1 1 0 0 1 1 0 0 1 0 0 0 0 1 0 0 1 1 1 0 0 0 1 0 0 0 0 1 0 1 0 0 1 0 0 0 0 0 1 0 1 0 1 1 0 1 1 1 1 1 
1 1 0 1 0 0 1 0 1 0 1 0 1 1 1 1 0 0 1 1 1 0 0 0 1 0 1 0 1 0 1 1 0 1 1 1 1 0 1 0 1 0 1 1 1 0 1 1 0 1 
1 0 1 0 1 1 0 0 0 1 1 0 0 0 0 0 0 1 1 1 0 0 0 1 0 0 1 0 1 0 1 1 0 1 0 0 1 1 0 1 1 0 1 0 1 0 1 0 0 0 
1 0 1 0 0 1 0 0 0 0 0 0 1 1 0 1 1 1 1 1 0 1 1 0 0 1 0 0 0 1 1 0 0 1 0 1 1 1 1 1 1 1 1 1 0 0 0 1 0 1 
0 1 1 0 0 0 0 0 0 0 1 0 1 1 0 1 0 1 0 0 1 1 1 0 1 1 1 0 0 0 1 0 1 1 0 1 1 0 0 1 0 0 0 1 0 0 1 0 1 0 
0 0 0 1 0 1 1 0 1 0 0 0 0 0 1 0 0 1 0 1 1 1 0 0 0 0 0 0 1 0 1 1 0 1 0 0 0 0 0 1 0 1 0 0 1 0 1 0 0 1 
1 1 0 1 1 1 0 1 1 0 0 1 1 0 0 1 0 0 1 0 1 1 0 1 0 0 1 0 0 1 1 1 1 1 1 1 1 1 0 0 1 0 0 0 1 0 0 0 0 1 
