30 50 5
215.0 321.0 292.0 250.0 294.0 255.0 250.0 354.0 289.0 254.0 257.0 251.0 241.0 208.0 257.0 281.0 214.0 261.0 243.0 277.0 256.0 172.0 274.0 298.0 257.0 210.0 237.0 328.0 205.0 236.0 
2.6 2.8 2.9 2.0 2.8 2.7 3.4 2.2 3.4 4.0 2.6 2.3 2.6 4.2 1.9 3.3 2.9 2.1 1.9 2.9 4.8 3.2 1.4 3.0 3.0 1.3 4.7 2.7 1.5 3.4 2.2 2.9 1.8 1.9 2.0 1.1 2.3 2.1 4.9 2.9 1.8 2.4 2.2 1.0 2.5 2.2 3.3 3.3 3.5 2.2 
1 1 0 1 1 0 1 1 1 1 0 1 1 1 0 1 1 1 0 1 1 0 0 1 0 1 0 1 0 0 1 0 1 1 0 1 0 0 1 0 0 1 1 1 0 0 0 1 1 1 
1 0 0 1 0 0 0 1 1 1 1 0 1 1 0 1 1 1 1 0 1 1 0 0 0 0 1 0 1 1 0 1 0 0 1 0 0 0 0 0 1 0 0 0 0 1 0 0 0 1 
1 0 1 1 0 0 0 1 0 1 1 0 1 0 0 1 0 1 0 1 1 1 0 1 0 1 1 1 1 0 0 0 0 0 0 1 1 1 0 1 0 1 0 0 0 0 0 1 0 0 
1 1 1 0 1 0 1 1 1 1 0 1 0 1 0 0 0 0 1 0 1 0 1 0 0 0 1 1 0 1 0 0 0 1 0 1 1 0 0 1 0 1 0 0 1 0 0 1 0 1 
1 0 0 0 0 1 0 0 0 1 0 1 0 0 1 1 1 0 1 0 1 1 1 1 1 1 1 0 1 0 1 0 0 0 0 1 0 0 1 1 0 1 1 1 0 1 1 1 0 0 
0 0 0 0 1 1 0 1 1 0 0 1 0 0 0 1 1 0 1 1 0 1 1 1 0 0 0 0 1 0 1 1 0 0 0 1 0 1 0 0 0 1 0 0 0 0 0 0 0 1 
0 1 0 0 0 1 1 0 1 1 1 0 1 0 1 0 1 1 0 1 1 0 1 1 1 0 0 1 0 1 1 1 0 1 1 1 0 0 1 0 0 1 0 1 0 0 0 1 0 1 
1 0 0 1 0 0 0 1 1 0 0 0 0 1 0 0 0 0 1 0 0 1 0 0 1 0 0 1 0 1 0 1 0 1 0 1 1 1 1 0 0 1 1 0 0 1 0 1 0 0 
0 1 0 0 0 0 1 0 0 0 0 0 1 1 0 1 0 0 1 1 0 1 1 1 0 0 0 1 0 1 1 1 0 1 1 0 0 0 0 0 0 1 1 0 0 0 1 0 0 1 
0 1 1 0 1 0 1 0 1 1 1 0 1 1 1 0 0 0 0 0 1 0 1 1 0 1 0 1 0 1 1 1 0 0 0 0 0 1 0 0 1 0 1 0 0 0 1 1 1 1 
1 1 0 0 1 0 0 0 1 1 1 0 1 1 0 1 0 1 0 0 1 1 1 0 0 1 1 1 0 1 0 1 1 1 1 0 1 0 0 0 0 0 1 1 0 0 1 1 1 0 
1 0 1 1 0 0 1 0 0 1 1 1 0 1 0 0 0 0 1 0 0 1 1 1 1 1 0 1 1 0 0 0 0 0 1 1 0 0 1 1 1 1 1 1 1 1 0 1 1 0 
0 1 0 1 1 0 0 0 0 1 1 0 0 1 1 0 0 1 1 1 1 1 1 1 1 0 1 0 0 1 0 1 1 1 1 0 1 0 0 1 1 1 0 1 1 1 1 1 0 0 
1 1 1 1 0 0 1 0 1 1 1 0 0 1 0 0 1 0 1 0 0 1 1 1 0 1 0 1 0 1 0 1 1 1 0 0 0 0 1 0 0 1 0 0 0 0 0 0 0 0 
0 1 1 0 0 1 1 0 1 1 0 1 1 0 1 1 1 1 0 0 1 0 0 0 0 1 1 1 1 0 1 0 1 1 1 0 1 0 0 1 0 1 1 0 1 1 1 0 0 0 
0 0 1 1 1 0 0 1 0 0 1 1 0 0 0 1 1 0 1 0 1 1 1 0 0 1 1 1 1 0 0 1 1 0 1 0 0 0 1 0 0 1 1 1 1 0 0 0 0 0 
1 1 1 0 1 0 1 0 1 1 1 1 1 0 1 1 1 0 0 1 1 1 0 0 0 1 1 0 1 1 1 0 0 0 0 1 1 1 1 0 1 1 1 0 0 0 1 0 1 0 
1 0 1 1 1 1 1 0 0 1 1 0 0 0 0 1 1 1 0 1 0 1 0 1 1 1 0 1 0 0 1 0 1 0 0 0 0 1 0 0 0 1 1 0 1 0 0 1 1 0 
1 0 1 1 0 0 0 0 0 1 1 1 1 1 1 0 0 0 0 0 1 0 1 0 0 0 1 1 0 1 0 0 1 1 0 1 1 0 0 1 0 1 1 1 1 0 0 1 1 0 
1 0 0 0 0 0 0 1 0 1 1 0 1 1 1 1 0 1 0 0 0 0 1 1 1 1 1 0 1 1 1 1 0 1 1 0 1 1 0 0 1 1 1 1 1 1 1 1 1 0 
1 1 0 0 0 0 1 0 0 0 1 0 0 1 1 0 0 0 0 1 0 0 1 0 1 0 0 1 0 1 1 0 0 0 1 1 0 1 1 0 1 0 1 1 1 0 1 0 0 1 
0 1 0 1 0 1 1 0 1 0 0 1 1 0 0 1 1 0 1 1 1 1 0 0 1 1 1 0 1 0 1 0 1 0 0 1 0 1 1 1 1 1 1 1 0 1 1 1 1 0 
1 0 0 0 1 1 1 0 1 1 0 1 1 1 1 1 1 1 0 1 0 0 1 1 1 1 1 1 1 0 1 1 0 0 0 0 0 0 1 1 1 1 0 1 0 1 0 0 1 0 
0 1 0 1 1 0 0 0 0 1 0 1 0 1 1 1 0 1 0 1 0 1 0 0 0 1 0 1 1 0 1 0 1 0 1 1 1 0 0 1 1 1 1 1 0 1 0 1 1 0 
1 0 1 0 1 1 0 1 1 0 1 0 0 1 1 1 0 0 0 0 0 1 1 1 1 1 1 0 1 0 1 1 0 0 1 0 1 1 1 1 1 1 0 1 0 1 0 1 1 0 
1 0 0 1 0 0 0 0 0 0 0 0 1 1 0 0 1 1 1 1 0 0 0 0 1 1 0 0 0 1 0 1 0 0 0 0 1 1 0 0 0 0 0 0 0 1 0 0 1 0 
1 1 0 0 1 1 1 0 1 1 1 0 0 1 1 1 1 1 1 0 1 0 1 0 0 1 1 0 0 1 0 0 1 0 1 1 0 0 1 0 1 0 1 1 0 0 1 1 0 1 
1 1 0 1 1 0 1 1 0 1 0 1 0 1 0 1 1 0 0 1 0 1 1 0 0 1 0 0 0 1 0 1 1 1 0 0 1 0 1 0 0 0 1 1 0 1 1 1 1 0 
0 0 0 1 0 0 0 0 1 1 1 0 0 1 1 1 0 1 1 1 0 0 1 1 1 1 0 0 1 0 1 1 1 1 0 0 1 1 1 0 1 1 1 1 1 0 1 1 0 0 
1 0 1 1 1 0 1 1 0 0 0 1 0 0 1 0 0 0 1 1 1 0 1 0 0 1 0 1 1 1 1 0 0 1 0 0 1 1 1 1 1 1 0 1 0 1 1 0 0 1 
