30 70 6
251.0 301.0 227.0 235.0 205.0 253.0 274.0 202.0 293.0 198.0 214.0 266.0 274.0 252.0 342.0 235.0 179.0 254.0 159.0 239.0 172.0 290.0 201.0 248.0 309.0 258.0 224.0 270.0 328.0 182.0 
2.7 4.1 3.0 2.9 3.5 4.0 0.9 2.7 0.8 2.4 2.1 3.5 2.2 3.6 4.7 3.8 2.2 2.5 3.8 2.0 3.0 3.6 2.4 1.4 2.7 1.7 3.7 3.8 3.6 3.1 2.6 2.7 3.1 2.7 3.8 2.5 2.9 2.3 2.6 2.0 3.3 3.6 3.0 2.7 2.5 4.0 3.5 4.0 2.8 3.2 4.5 2.2 3.9 3.0 1.4 3.4 2.4 2.4 5.1 2.1 2.0 2.9 1.6 2.2 2.3 2.5 3.7 2.7 4.2 3.1 
0 1 0 0 1 1 0 0 0 0 0 0 1 0 0 1 1 1 0 0 1 1 0 0 1 0 1 1 1 1 1 0 0 1 0 0 0 0 1 1 0 1 0 1 1 1 1 0 1 1 0 1 0 1 0 1 1 1 0 1 1 0 0 0 1 1 0 1 0 1 
1 1 0 0 0 1 1 0 1 1 1 1 0 1 0 0 1 0 0 1 1 1 1 1 1 0 1 1 0 0 1 0 1 1 1 1 1 1 0 1 1 0 0 1 0 0 1 1 1 0 1 0 0 0 0 0 0 0 1 1 0 0 1 0 1 0 0 0 0 0 
0 0 1 0 0 0 0 1 0 0 0 1 0 1 0 0 0 0 1 1 0 0 1 0 0 1 1 1 1 0 0 0 1 1 1 0 1 1 1 0 0 1 1 0 0 0 1 1 0 0 1 0 1 0 1 1 1 0 0 1 1 1 0 1 1 1 1 1 0 1 
0 1 0 1 0 0 0 0 1 0 0 0 1 1 0 1 1 1 1 0 1 1 0 0 1 1 1 0 0 1 0 1 0 0 0 1 0 1 0 0 0 1 1 0 1 1 1 0 1 1 0 1 1 0 1 0 0 0 0 0 0 1 0 1 0 1 1 0 1 0 
0 0 1 1 1 1 1 0 0 0 0 0 1 0 0 0 1 1 1 0 0 1 1 0 0 1 0 0 0 1 1 1 0 1 1 0 0 1 1 1 1 1 0 0 0 0 1 0 1 1 1 1 1 1 1 1 0 0 0 0 0 1 0 1 0 0 0 1 1 0 
1 1 1 0 1 1 1 1 1 1 1 1 0 1 0 1 1 1 0 1 0 0 1 0 0 1 0 0 1 0 1 1 0 0 0 1 0 1 1 0 1 1 0 1 1 1 1 0 1 1 0 1 0 0 0 0 1 0 1 0 1 0 1 1 0 0 0 1 1 1 
0 0 0 0 0 1 1 0 1 0 1 1 0 1 0 1 1 0 1 0 0 0 1 1 0 0 1 1 0 0 0 1 0 0 1 0 0 0 1 1 0 1 1 0 1 1 0 1 1 0 1 0 0 0 1 0 1 0 0 1 0 1 1 1 1 1 1 0 0 0 
1 0 1 0 0 1 0 1 1 0 1 0 0 0 0 0 0 0 1 1 0 1 0 0 1 0 1 1 0 1 1 1 0 1 1 1 0 0 1 0 1 0 1 1 1 0 0 0 1 0 1 1 1 0 0 1 0 0 0 1 0 0 0 0 1 0 1 1 0 0 
0 0 0 0 0 1 0 0 1 1 1 0 1 1 1 0 0 0 1 0 1 0 0 0 1 1 0 0 0 1 1 0 1 1 1 0 1 0 1 1 0 1 1 1 0 0 1 1 1 0 0 1 0 1 0 1 0 1 0 0 1 1 1 1 1 1 1 1 0 0 
1 1 1 1 1 0 0 1 1 0 0 0 1 0 0 0 1 0 1 1 0 0 1 1 1 0 1 0 1 0 1 1 0 1 1 0 0 0 1 1 0 1 1 0 0 0 1 1 1 1 1 1 1 1 1 0 1 0 0 0 0 0 0 0 0 1 0 0 0 0 
0 1 1 0 0 0 1 1 1 0 0 1 0 1 1 1 0 0 0 1 1 1 0 0 1 1 0 0 0 0 0 0 1 1 0 1 0 0 0 0 1 0 0 1 0 0 0 0 1 1 1 1 1 0 1 1 0 0 1 0 0 0 0 1 1 0 1 0 0 1 
0 0 0 0 0 1 1 1 1 0 0 0 0 1 1 0 1 1 1 0 0 1 1 0 0 0 0 0 0 0 0 0 1 0 1 0 0 0 1 1 0 0 1 0 0 0 1 1 1 0 0 1 1 1 1 0 0 0 1 1 0 0 0 0 1 0 0 1 1 1 
0 0 0 1 0 1 0 1 0 1 0 0 1 0 0 0 1 1 1 0 0 0 1 1 0 1 0 1 0 1 1 0 1 1 0 0 0 1 1 0 1 1 1 1 1 0 1 1 1 1 0 0 0 0 1 0 0 1 1 0 0 1 0 0 1 1 0 0 0 1 
1 0 1 0 1 1 0 0 0 1 0 1 1 0 1 1 0 1 0 1 1 1 0 1 0 1 1 1 1 1 1 0 0 1 0 1 1 1 1 0 1 1 0 0 1 1 1 0 0 1 1 0 1 0 1 0 1 0 0 0 1 1 1 1 1 1 0 1 1 1 
1 0 1 0 0 0 1 1 0 1 0 1 0 1 0 0 0 1 0 1 0 1 0 1 1 1 1 1 0 1 1 0 0 0 0 1 0 1 1 1 0 0 0 1 0 1 0 0 1 1 0 1 0 0 1 1 0 1 1 1 1 0 0 1 0 0 1 1 0 1 
0 0 0 1 1 0 1 1 1 1 1 0 1 0 0 0 1 0 1 0 0 0 0 1 0 1 1 0 0 1 1 1 0 1 1 1 1 0 1 1 0 1 0 0 1 0 1 1 0 1 0 0 1 0 0 1 1 0 1 1 0 0 1 0 1 1 1 1 0 1 
0 1 0 1 1 0 0 1 0 1 1 0 0 0 1 0 0 1 0 0 0 1 0 0 0 1 0 0 1 1 1 1 0 0 0 1 1 1 1 0 1 1 0 1 0 1 1 1 0 0 1 1 0 1 1 1 1 0 1 1 0 1 0 1 0 0 0 0 1 0 
1 1 1 0 1 0 1 1 0 1 0 1 0 0 0 1 1 0 0 1 1 1 0 1 0 1 0 1 1 0 0 0 1 1 0 1 1 0 0 1 0 0 1 1 1 0 0 1 0 0 0 1 0 1 0 1 0 1 0 1 0 1 1 1 1 1 1 1 0 0 
0 0 0 0 1 1 0 1 1 0 1 0 0 0 0 0 1 0 1 0 0 1 0 0 1 0 1 1 1 1 1 1 0 1 1 0 1 0 1 0 1 1 1 0 0 0 0 0 1 1 0 1 1 1 1 1 1 1 1 0 0 1 0 1 0 0 1 0 0 1 
0 0 1 1 0 0 0 0 1 1 0 1 1 0 1 1 1 1 0 0 0 1 0 0 1 1 0 0 0 1 0 0 0 1 0 1 0 1 1 1 0 0 1 0 0 1 1 0 1 0 0 0 0 0 0 1 0 0 1 0 0 1 1 0 1 0 1 1 1 0 
0 1 1 1 0 1 0 1 1 0 1 0 1 0 0 1 0 1 0 0 0 0 0 1 0 0 1 0 0 1 1 0 0 1 1 1 1 1 1 1 0 0 1 0 1 0 1 0 0 1 0 0 1 0 1 0 0 1 1 1 0 0 1 1 1 1 0 1 0 1 
0 1 1 1 0 1 1 0 1 0 1 0 1 1 1 1 1 1 1 1 1 0 1 1 0 1 1 0 0 0 0 1 0 0 0 1 0 1 1 1 0 1 0 1 1 0 1 1 0 0 1 0 1 1 0 0 1 0 0 1 1 1 1 1 0 0 1 0 0 1 
1 1 0 0 0 0 1 0 1 0 0 0 1 0 0 0 0 1 1 0 0 0 1 1 0 1 1 1 1 0 1 0 1 0 0 0 0 0 1 0 1 0 1 1 1 0 0 1 0 0 0 0 0 0 0 0 0 1 0 0 0 0 1 1 0 1 1 1 0 1 
0 1 0 1 0 1 0 0 0 1 1 1 0 1 0 0 0 1 1 0 0 0 1 1 0 0 0 0 1 1 1 1 1 0 0 1 1 1 0 0 1 0 1 0 1 1 0 0 1 1 1 1 0 0 0 1 0 1 1 1 0 0 0 1 0 1 0 0 1 1 
1 0 1 1 0 1 0 0 0 0 0 1 1 0 1 0 1 0 0 1 1 0 0 1 0 1 1 0 0 0 0 1 1 1 1 1 1 0 1 0 1 1 0 0 1 0 0 1 1 0 1 1 1 1 0 0 0 1 0 0 0 0 0 1 0 0 0 1 0 0 
1 1 0 1 1 1 0 1 1 0 0 1 0 1 0 1 0 0 0 0 1 1 1 0 0 1 0 0 0 1 1 1 1 0 0 0 0 0 0 1 0 1 0 0 0 1 0 1 0 0 0 0 0 0 0 1 1 0 0 0 1 1 1 1 1 1 0 0 1 0 
0 0 0 1 0 1 1 1 0 1 0 0 1 1 0 0 0 1 0 1 1 1 1 0 0 1 1 1 1 0 0 1 1 0 0 1 1 0 0 1 0 1 1 1 1 0 0 0 0 0 1 1 1 0 0 1 1 0 0 0 0 0 1 0 0 1 1 0 0 0 
1 0 1 0 0 1 1 1 1 1 0 0 0 1 0 1 1 0 0 0 1 1 0 1 0 1 1 0 1 0 1 1 1 1 0 1 1 1 0 1 0 1 0 1 1 0 0 0 0 1 0 0 0 0 0 1 1 1 0 0 1 1 1 0 0 1 1 0 1 1 
0 0 1 1 0 1 0 1 1 0 0 1 1 0 0 0 0 0 0 0 0 0 0 1 0 1 1 0 0 1 1 1 1 0 0 1 1 0 0 1 0 1 0 0 1 1 0 0 0 0 0 1 0 0 1 0 1 1 0 0 0 1 0 1 0 0 0 1 1 0 
0 1 0 1 0 1 0 0 1 1 1 0 1 0 1 0 1 1 0 0 0 0 0 1 1 1 0 0 1 1 1 1 0 0 1 1 1 1 1 1 1 0 1 0 0 1 1 0 0 1 0 1 0 1 1 0 0 1 1 1 0 1 0 1 0 1 1 1 0 1 
