30 90 6
295.0 301.0 267.0 183.0 322.0 198.0 196.0 283.0 202.0 184.0 176.0 147.0 230.0 153.0 253.0 260.0 191.0 237.0 230.0 336.0 231.0 325.0 269.0 231.0 277.0 335.0 236.0 352.0 269.0 280.0 
2.7 3.4 2.2 1.7 2.8 2.8 3.2 2.9 2.3 3.1 1.9 1.5 2.0 3.5 3.7 2.7 3.9 3.6 2.4 3.1 3.0 3.4 4.3 3.4 4.3 2.5 2.5 3.3 4.0 4.4 2.4 3.1 3.2 3.9 3.8 3.6 3.4 3.5 3.3 1.9 3.1 1.8 4.3 3.5 2.6 1.5 1.8 1.8 3.0 2.9 3.8 2.4 4.1 4.8 2.8 4.1 2.3 3.8 2.6 2.8 4.2 1.3 3.4 3.4 3.0 2.9 2.8 2.9 2.5 3.4 0.2 3.3 3.0 4.2 3.1 3.1 3.9 5.3 4.7 3.4 4.3 2.9 3.2 3.2 4.0 3.1 2.7 4.0 3.5 3.3 
0 1 1 0 0 1 1 1 1 1 0 0 1 1 1 1 0 0 0 1 1 0 0 0 0 1 1 1 1 0 1 0 0 0 0 1 1 1 1 1 0 1 0 1 1 1 0 1 0 0 0 0 1 1 1 1 0 1 0 1 1 1 1 0 0 0 0 1 0 0 1 0 0 1 1 0 0 1 0 0 0 1 0 0 1 0 0 0 0 1 
0 1 1 0 0 0 1 1 0 0 1 1 0 0 0 0 0 0 0 0 1 0 0 1 1 0 1 0 0 0 0 0 1 0 1 1 0 1 1 1 1 1 1 1 0 0 1 1 1 0 1 1 0 0 1 0 0 1 0 1 0 1 0 0 0 0 1 1 1 1 0 1 0 1 0 1 0 0 0 0 0 0 0 1 1 1 0 1 0 0 
1 1 0 0 0 1 1 1 0 1 1 0 1 1 1 1 1 1 0 1 0 1 1 0 0 1 1 1 1 1 1 0 1 1 1 0 1 1 1 1 1 1 0 1 0 1 0 1 1 0 0 0 1 0 1 1 0 0 0 1 1 1 0 0 0 1 0 1 1 0 1 1 1 0 0 0 0 0 0 1 1 0 1 1 1 1 0 0 0 0 
0 0 1 0 1 1 0 1 0 1 0 0 0 0 1 1 1 0 1 0 0 0 0 1 1 0 1 0 0 1 0 0 0 0 1 0 0 0 0 0 0 0 1 1 0 0 0 0 0 0 0 1 1 1 0 0 0 1 1 0 0 1 1 1 1 1 0 1 0 1 0 0 0 0 1 1 0 1 0 1 1 1 0 1 0 1 1 1 1 0 
1 1 0 0 0 1 0 0 1 0 1 1 0 1 0 1 0 1 1 0 0 0 0 1 1 0 0 1 0 1 1 0 1 1 1 1 0 0 0 0 0 1 1 1 0 0 1 1 0 0 0 1 0 0 0 0 0 1 1 1 1 0 0 0 0 1 1 1 0 1 1 1 1 1 1 0 1 0 0 0 1 1 0 0 1 1 1 1 0 1 
0 0 0 1 1 1 0 0 0 0 0 0 0 1 1 0 1 0 0 1 1 1 1 1 1 1 0 0 1 0 0 0 0 0 1 0 0 1 1 1 1 1 0 0 1 1 0 0 0 0 0 0 0 1 0 0 0 0 0 1 0 1 0 0 1 0 1 0 0 1 0 0 0 1 0 0 0 1 1 0 0 1 1 1 1 1 0 1 0 1 
0 1 1 1 1 0 1 1 1 1 0 0 1 0 1 1 0 1 0 0 1 0 1 1 0 1 0 0 0 1 1 1 1 0 1 1 1 0 0 0 0 0 0 0 0 0 1 0 0 0 1 1 1 1 1 0 0 0 0 1 0 0 0 0 1 0 0 1 1 0 0 1 0 0 0 1 0 0 0 0 0 1 1 0 0 0 1 0 1 1 
0 1 1 0 1 0 1 1 0 1 1 0 1 1 1 1 1 1 0 1 0 1 1 0 0 0 1 1 1 1 1 1 0 1 1 1 1 0 1 0 1 1 0 1 1 0 0 0 1 1 0 0 1 1 1 0 1 1 1 1 1 1 1 0 0 0 0 0 1 1 0 1 1 0 0 0 0 0 0 1 0 1 1 1 0 1 1 0 1 0 
1 1 0 1 1 1 1 0 1 0 0 1 0 1 0 0 1 0 0 0 1 1 0 1 0 0 1 0 1 0 1 1 1 1 0 1 1 0 0 1 0 1 0 1 1 0 1 0 1 0 0 0 1 1 0 1 1 1 0 0 1 1 1 1 0 1 0 0 0 0 0 1 0 0 1 0 1 1 0 0 0 0 0 0 1 0 1 1 1 1 
1 1 0 1 0 1 1 1 1 0 0 0 0 0 1 0 1 0 0 1 0 1 0 1 0 0 0 0 1 1 0 0 0 1 0 0 1 1 0 1 0 0 0 0 0 1 1 0 1 0 1 1 0 0 0 0 0 0 0 0 0 1 1 1 0 0 0 0 0 1 0 1 0 1 1 1 0 0 1 1 0 0 1 0 1 1 1 1 1 0 
1 1 1 0 1 0 0 0 1 0 1 0 0 0 0 1 1 0 1 1 1 0 1 0 1 0 0 1 0 0 1 0 0 1 0 1 0 1 1 0 1 1 1 1 0 0 1 0 1 0 0 1 1 0 1 1 0 1 0 1 1 0 0 1 0 0 0 0 1 0 0 0 1 1 1 0 1 1 1 1 0 0 0 0 1 1 1 0 1 0 
1 1 1 1 0 1 0 1 0 0 0 0 0 1 0 1 1 1 0 0 1 0 0 0 1 1 0 0 0 0 1 1 1 1 0 0 0 0 1 0 0 1 1 1 0 0 1 0 0 0 0 1 1 0 0 1 0 0 0 0 1 1 1 1 1 1 0 0 1 1 0 0 0 0 1 0 1 0 0 0 0 0 0 1 1 0 0 1 0 0 
0 1 1 0 0 0 0 1 1 1 1 0 1 1 1 1 1 1 0 0 0 1 0 0 0 0 1 1 0 1 0 1 0 1 0 0 1 1 1 0 0 0 0 1 1 0 1 1 1 1 0 1 0 0 1 0 0 0 1 0 0 0 1 1 0 1 1 1 1 1 0 0 1 0 1 1 0 1 0 1 0 0 1 0 0 0 0 1 0 1 
0 0 1 0 1 1 0 1 0 0 1 1 0 1 1 0 0 1 1 1 1 1 1 1 0 0 0 0 0 1 0 0 0 1 1 1 1 1 0 1 1 1 0 0 1 1 1 1 0 0 0 0 0 1 0 0 1 1 0 1 1 0 1 1 0 0 1 0 1 1 0 1 1 0 0 1 1 1 0 1 1 0 1 1 0 0 0 1 1 1 
1 0 1 1 0 0 1 1 1 0 0 1 1 1 0 1 1 1 0 1 1 0 1 1 0 0 1 1 1 1 0 1 0 1 0 0 1 0 0 1 0 0 1 0 0 1 1 1 0 0 1 0 1 1 1 1 1 1 1 0 1 1 0 1 1 1 0 1 1 1 1 0 1 1 1 0 1 0 0 0 0 0 0 1 1 0 0 0 0 0 
0 1 0 1 0 1 0 1 0 0 0 1 0 0 0 1 0 0 1 0 0 0 1 1 0 1 1 0 0 0 0 1 0 0 0 1 0 0 0 0 0 0 1 1 0 0 1 0 0 1 1 1 1 0 1 0 0 1 1 1 1 1 0 0 1 1 0 0 1 0 1 1 0 1 0 0 0 0 0 1 1 0 0 1 1 0 1 0 1 0 
1 0 0 1 1 1 1 0 1 0 1 0 1 1 0 0 1 1 1 1 1 1 1 1 1 0 0 0 1 1 0 0 1 1 1 1 1 0 1 0 1 1 1 0 1 1 1 0 1 1 1 1 1 1 1 0 1 1 1 0 1 1 1 0 1 0 1 1 1 1 0 1 1 0 0 0 0 1 1 0 1 1 1 1 1 1 0 0 1 1 
1 1 1 1 1 0 0 1 1 0 0 0 0 1 1 0 1 1 1 1 1 1 0 1 0 1 1 0 1 1 1 1 1 1 0 0 0 1 0 1 0 0 0 0 0 0 0 0 1 0 0 0 0 1 0 1 0 1 1 1 0 0 1 0 1 0 1 1 0 0 1 1 0 1 0 1 1 1 1 1 0 1 1 1 0 1 0 1 1 0 
1 0 0 1 1 0 1 1 1 1 1 1 0 1 1 0 0 0 0 0 0 0 1 0 1 1 1 0 0 1 1 0 1 0 0 0 1 0 0 0 1 1 0 1 1 0 1 0 1 1 0 0 1 1 1 0 0 0 1 0 0 0 0 1 0 1 1 0 1 1 1 1 1 1 0 1 1 1 1 1 1 1 1 0 0 1 1 0 1 1 
1 0 1 0 1 0 1 1 1 1 0 0 0 0 0 1 1 1 1 1 0 0 1 1 0 1 0 1 0 1 0 1 1 1 1 0 1 1 0 0 0 1 0 0 0 1 1 0 1 0 1 0 0 0 1 0 0 1 1 1 1 1 0 1 1 1 0 1 0 1 0 1 0 0 1 1 0 1 0 1 1 1 0 0 0 1 0 1 0 1 
0 0 1 0 1 0 0 0 0 0 1 0 0 1 0 1 1 1 1 0 0 0 1 1 1 1 1 1 1 1 1 0 1 0 0 0 1 0 0 0 0 1 0 0 0 1 0 1 1 1 1 0 1 1 1 0 0 1 1 1 1 1 0 0 1 0 1 0 0 1 1 0 1 0 0 0 0 1 1 0 0 1 1 0 1 1 0 0 0 1 
0 1 1 0 0 1 1 1 0 1 0 0 0 0 1 0 1 1 1 0 1 0 1 1 1 1 0 1 0 1 0 0 0 1 1 0 0 0 0 1 1 0 0 0 1 0 0 1 0 0 0 1 1 0 0 1 0 1 0 1 1 0 1 1 1 0 1 1 0 0 1 1 1 1 1 0 0 0 1 1 0 1 1 0 1 1 0 1 1 1 
1 1 0 1 0 1 0 1 0 0 0 1 1 1 0 0 1 0 1 0 1 0 1 1 0 1 1 0 1 0 0 0 0 1 0 0 1 1 0 0 1 0 0 1 1 0 1 0 1 1 0 0 1 1 1 1 1 1 0 1 0 0 0 0 0 1 0 0 0 0 1 0 0 1 1 0 0 0 0 1 1 0 1 0 0 1 1 0 0 0 
0 0 1 1 0 0 0 1 0 0 0 1 1 0 0 0 1 0 0 1 0 0 1 0 0 0 0 1 1 0 1 0 0 1 0 1 0 1 1 0 1 1 1 1 0 1 1 0 1 0 1 1 1 1 1 1 0 1 0 1 1 1 1 0 0 1 0 1 0 0 1 0 1 1 0 0 0 1 1 1 0 1 1 1 1 1 0 1 0 1 
0 0 1 0 1 0 0 0 1 1 1 0 0 1 0 0 1 0 1 0 1 0 1 0 1 1 1 1 1 0 1 1 0 0 1 1 1 1 1 0 0 0 0 0 1 0 0 1 1 0 0 0 1 1 0 1 0 1 1 0 1 0 1 1 0 1 1 0 1 0 1 1 0 1 1 1 1 0 1 0 0 0 1 1 1 1 0 0 1 0 
0 1 0 0 0 0 0 1 0 0 0 0 1 1 0 1 1 0 0 0 0 1 0 1 0 0 1 0 0 0 0 1 1 1 1 0 1 0 1 0 0 0 1 1 0 1 0 0 1 0 0 1 1 0 1 1 0 1 1 1 1 1 0 1 1 1 1 1 1 1 0 1 1 1 0 1 1 0 1 0 0 0 0 0 0 1 1 1 1 1 
1 1 1 1 1 1 0 1 0 0 1 0 1 1 1 0 0 1 0 0 0 0 0 0 1 0 0 1 0 0 0 0 1 1 0 0 1 1 1 0 1 0 0 0 1 0 1 0 0 1 0 1 1 0 0 1 1 0 0 0 1 1 1 1 0 0 0 1 0 0 0 1 0 0 1 0 0 1 0 0 1 0 0 1 1 1 1 0 1 1 
0 1 0 1 1 1 1 0 0 0 0 0 1 1 1 1 1 0 1 0 0 0 0 1 1 1 0 1 0 1 1 0 1 1 1 1 0 0 0 1 1 0 0 0 1 0 1 1 0 0 0 0 1 0 1 0 0 1 0 0 1 0 0 0 0 0 1 1 0 0 0 0 1 1 0 1 1 0 0 0 1 0 0 0 1 0 1 1 0 1 
1 0 1 0 1 0 1 1 0 1 0 1 0 0 1 0 0 0 1 1 0 0 1 1 1 1 1 1 1 1 1 1 0 1 0 0 1 1 1 1 0 0 1 1 1 0 0 1 0 1 1 1 0 0 1 1 1 1 0 1 0 0 1 1 1 1 1 0 0 1 0 1 0 1 1 0 0 1 0 0 0 1 0 1 1 0 1 0 0 0 
1 1 0 1 0 1 1 1 0 0 1 1 1 1 0 0 0 0 0 0 0 1 0 1 1 1 0 0 1 1 0 0 1 1 1 1 0 1 1 1 0 1 0 1 0 1 0 1 1 1 0 1 1 1 1 1 1 1 1 1 1 1 0 0 1 0 1 1 0 1 0 1 1 0 1 0 1 0 0 0 0 1 0 0 0 1 1 1 1 1 
