30 50 6
245.0 258.0 238.0 228.0 290.0 234.0 214.0 270.0 168.0 211.0 276.0 213.0 164.0 142.0 189.0 199.0 233.0 260.0 303.0 248.0 159.0 263.0 249.0 169.0 214.0 122.0 241.0 318.0 234.0 223.0 
3.4 3.2 1.5 3.8 3.1 2.5 2.7 2.8 3.3 4.9 1.7 4.3 3.6 3.2 1.7 3.6 4.7 2.3 3.3 2.0 4.0 4.1 3.2 2.7 4.7 3.6 4.0 3.3 1.9 1.6 3.0 4.7 2.4 3.4 3.9 3.4 2.0 3.8 1.8 3.1 2.9 4.0 2.6 3.9 4.2 2.3 3.1 2.7 3.0 2.1 
0 0 1 0 0 1 0 0 0 0 0 1 1 1 1 1 0 1 0 1 0 1 0 1 0 0 1 0 1 1 1 1 0 1 1 1 0 0 1 1 0 0 0 0 1 0 1 1 0 1 
1 0 0 1 1 0 1 0 0 0 0 0 0 0 1 0 1 0 0 1 1 0 0 1 0 0 1 1 1 0 0 1 1 0 1 0 0 1 0 1 0 0 0 0 1 0 0 0 0 0 
0 1 0 1 1 0 0 0 0 1 0 1 1 0 1 1 0 0 1 0 1 1 0 1 0 1 0 1 0 1 0 1 0 0 1 1 0 1 1 0 1 0 0 1 0 0 1 0 1 0 
0 0 0 0 1 1 1 1 1 1 1 0 0 1 1 1 1 1 1 0 0 0 1 0 1 1 0 1 1 0 1 1 0 0 1 0 0 0 1 0 1 1 1 1 0 1 1 1 1 1 
0 0 0 1 1 0 1 0 1 0 1 0 1 1 0 1 0 0 1 0 0 1 0 0 0 0 0 0 0 0 0 1 0 0 0 0 0 0 0 0 1 0 0 0 1 1 1 1 0 1 
0 1 1 1 0 0 1 0 1 0 0 0 0 0 0 0 1 1 1 1 0 0 0 0 1 1 0 1 0 1 1 1 0 1 1 0 0 1 1 0 1 0 1 0 0 0 1 0 1 0 
0 0 0 1 0 1 1 0 0 0 0 0 0 1 0 1 1 0 0 1 1 0 0 1 1 1 1 1 1 1 0 1 1 1 1 0 1 1 0 1 0 0 0 0 1 1 0 0 1 0 
1 1 0 1 1 0 0 0 0 0 1 1 0 0 0 0 1 0 1 1 0 0 1 0 1 0 0 1 0 1 0 0 1 0 0 0 0 1 0 0 0 0 0 1 1 0 1 1 1 0 
0 1 0 0 0 1 0 1 1 0 0 1 1 0 0 0 0 0 0 0 0 0 0 0 0 0 1 1 1 1 1 0 1 0 1 0 0 1 0 1 1 0 0 1 0 1 1 1 1 1 
1 1 1 1 1 0 0 1 1 1 1 1 1 1 0 0 1 0 1 1 1 0 0 0 1 1 0 1 0 1 0 0 0 0 0 1 0 0 1 1 0 1 1 0 1 0 1 0 1 1 
1 1 0 1 0 0 1 0 0 0 0 1 1 1 1 0 1 1 0 0 0 1 0 1 1 1 1 0 0 1 0 1 0 0 1 0 0 1 0 0 1 1 1 1 1 0 0 0 0 1 
1 0 0 1 1 1 0 1 1 1 0 1 1 1 0 0 1 1 0 0 0 0 0 0 0 1 1 0 1 1 1 1 1 1 0 1 1 0 0 0 0 1 0 0 1 0 0 1 1 1 
0 0 0 0 1 0 1 0 0 0 1 1 0 1 1 0 1 1 0 1 0 1 1 1 1 0 1 0 1 0 1 1 0 0 1 0 0 1 1 1 0 1 0 0 1 1 0 0 0 0 
0 0 0 0 1 0 0 0 0 1 1 0 1 0 1 1 0 1 1 1 0 0 0 1 0 0 0 0 1 1 1 0 0 0 0 0 1 0 1 0 0 0 1 1 0 1 1 1 0 1 
0 0 1 1 0 0 0 1 0 0 0 0 0 1 0 1 1 0 0 1 1 1 1 1 1 0 0 0 1 0 0 1 1 0 1 0 1 0 0 0 0 1 1 0 0 1 0 1 1 0 
0 1 1 0 1 1 0 1 1 0 0 0 0 1 1 0 0 0 1 1 0 1 0 1 0 0 0 0 0 1 1 1 0 1 0 1 1 1 1 0 0 0 1 1 1 0 0 0 1 1 
0 1 0 0 1 1 1 1 0 0 1 1 0 0 0 0 0 1 0 0 1 0 0 1 1 0 0 0 0 1 0 0 0 1 1 0 1 1 1 0 1 1 1 0 0 0 1 0 1 1 
0 0 1 1 1 0 0 1 1 0 0 1 0 1 1 0 1 1 1 1 0 1 0 1 0 1 0 0 0 0 0 0 0 1 1 1 1 0 1 1 0 0 0 0 1 1 1 1 1 0 
1 1 0 0 1 1 0 1 1 1 1 0 1 1 1 0 0 0 0 0 1 0 0 1 0 0 0 1 0 0 1 0 1 0 1 1 0 0 0 1 1 0 0 0 0 1 0 0 0 1 
1 1 1 0 0 0 0 0 1 0 1 1 1 1 1 0 1 0 1 0 0 0 0 0 1 1 1 1 1 0 0 1 0 0 0 1 1 1 0 0 1 0 0 1 1 1 0 1 1 1 
0 1 0 1 0 1 1 1 1 1 1 0 1 0 1 1 1 1 1 0 0 0 0 1 1 1 0 1 0 0 0 0 0 1 0 0 0 1 0 0 0 0 0 0 0 1 1 0 0 0 
1 0 1 1 1 0 0 1 1 0 1 1 1 1 1 0 1 1 1 1 1 0 0 1 0 0 0 0 1 0 0 1 0 0 1 1 0 0 1 1 1 1 0 1 0 0 0 1 0 1 
0 0 0 1 1 1 0 0 1 1 1 0 0 0 1 1 0 1 1 0 1 0 1 0 1 0 1 1 1 0 1 1 0 0 1 0 0 0 0 1 1 0 1 1 1 0 1 1 1 0 
1 1 0 0 0 0 1 0 1 0 1 1 1 0 0 1 1 1 0 0 0 1 1 0 1 0 0 1 0 1 0 1 0 1 1 0 0 1 1 0 0 0 1 1 0 0 1 1 1 0 
1 0 1 0 1 0 1 1 0 1 0 0 1 0 1 1 1 0 1 0 0 0 1 1 0 0 0 0 0 0 1 0 0 1 1 1 1 1 1 1 0 0 0 1 0 1 1 0 1 1 
0 0 1 0 1 1 1 0 0 0 0 1 0 0 1 0 1 1 1 1 1 1 0 0 1 1 1 0 1 0 0 0 0 0 1 0 1 1 0 0 1 1 1 1 0 0 0 1 0 0 
1 1 1 0 1 0 1 1 0 0 0 0 1 1 0 0 0 1 1 0 0 0 0 0 0 1 0 0 1 0 1 1 1 1 1 0 1 0 0 0 0 1 0 1 1 0 1 0 1 0 
0 0 1 1 0 0 0 0 1 0 0 1 0 1 0 0 1 0 0 0 1 0 1 1 0 1 1 0 1 0 0 0 1 1 1 1 1 1 1 0 0 1 1 1 1 1 0 1 1 0 
1 1 1 0 1 0 1 0 1 0 1 0 0 1 0 1 1 0 0 1 1 1 1 1 0 1 0 1 1 0 0 1 1 1 1 1 1 0 0 0 0 1 0 0 1 0 1 0 1 0 
0 1 0 0 0 1 0 1 1 0 1 1 0 1 1 1 0 0 0 0 0 0 0 1 0 1 0 0 0 1 0 0 1 0 1 0 1 1 0 0 0 1 0 1 0 1 1 0 0 1 
