30 90 8
156.0 206.0 168.0 273.0 248.0 274.0 274.0 294.0 189.0 225.0 157.0 249.0 256.0 287.0 266.0 141.0 295.0 280.0 239.0 289.0 260.0 224.0 337.0 232.0 287.0 255.0 154.0 190.0 296.0 253.0 
4.9 4.0 4.2 4.6 4.2 3.0 4.4 3.1 3.4 5.3 3.9 4.8 4.9 3.6 4.2 5.0 5.3 5.5 4.3 3.4 4.5 4.3 4.4 5.5 3.2 4.3 4.6 3.9 3.6 2.9 3.4 3.0 3.2 5.2 4.2 3.5 5.2 3.7 2.7 2.6 4.6 4.4 4.3 2.9 3.6 4.3 4.4 2.4 3.1 4.2 4.5 2.8 3.7 4.6 3.1 4.4 3.4 3.4 3.9 4.0 3.4 3.5 3.9 3.0 4.7 3.6 6.0 3.4 4.0 4.3 4.3 4.7 3.9 4.1 3.9 4.0 3.4 4.2 4.5 4.0 4.3 4.7 5.0 4.0 3.8 3.4 4.3 2.9 3.7 4.2 
1 1 0 1 0 1 0 1 1 1 0 1 1 1 0 1 0 1 1 1 1 1 0 0 1 1 0 1 1 1 0 0 1 1 1 1 1 1 0 1 0 1 0 1 0 0 0 1 0 0 1 0 0 0 0 0 0 1 1 0 0 1 1 0 1 1 1 0 1 0 0 0 1 0 1 0 0 1 1 0 0 1 0 0 0 0 0 0 1 0 
0 0 1 1 1 0 1 0 1 1 1 1 1 0 0 1 0 0 0 1 1 1 1 0 1 0 1 1 1 0 1 0 1 0 1 1 0 1 1 0 1 1 0 0 0 1 0 1 1 1 0 1 0 1 0 0 0 0 0 1 1 1 1 1 0 0 1 1 0 0 1 0 0 1 0 0 0 1 0 1 1 1 1 1 0 0 0 1 1 0 
0 0 1 1 1 0 0 1 0 1 0 1 0 0 0 0 1 0 1 0 0 1 1 0 1 1 1 1 1 1 0 0 1 0 0 0 0 0 1 1 0 1 1 1 0 1 0 1 0 1 0 0 1 0 1 0 0 0 0 0 1 1 1 0 0 1 1 1 0 1 1 1 0 0 1 1 0 1 0 0 1 1 0 1 0 1 1 1 0 0 
0 1 1 0 1 0 1 1 0 0 0 0 1 1 1 0 0 1 0 1 0 0 0 1 0 1 1 0 1 0 1 1 1 1 0 1 0 1 1 0 0 1 1 0 1 1 0 0 1 0 0 1 0 0 0 1 1 1 1 0 0 0 0 1 1 0 0 0 0 0 1 1 0 0 0 1 1 1 0 0 1 0 0 0 1 1 0 1 1 0 
1 0 1 0 1 1 1 0 0 1 0 0 0 0 0 1 0 1 0 0 1 1 1 0 0 0 1 1 1 1 0 0 1 0 1 0 1 0 1 1 0 0 0 0 0 1 1 1 1 1 0 1 1 0 0 0 1 0 1 0 0 1 1 0 0 0 1 0 1 1 1 0 0 1 0 0 0 1 1 1 1 0 0 0 1 0 0 1 0 1 
1 0 0 0 1 0 0 0 0 0 0 1 1 0 1 1 1 1 0 0 0 0 0 1 1 0 0 0 1 0 1 0 0 0 1 0 0 0 0 1 0 1 1 1 1 0 0 0 0 0 0 0 0 1 1 0 0 1 0 0 1 1 1 1 0 0 1 1 0 0 1 0 0 1 1 0 1 0 0 0 0 1 1 0 0 0 1 0 1 1 
1 1 0 1 0 1 1 1 0 1 1 0 1 0 0 1 1 1 0 0 0 0 0 1 0 0 1 1 0 0 0 0 1 1 0 0 1 1 1 0 0 1 0 1 0 1 0 1 1 0 0 1 0 0 1 1 0 0 0 1 0 0 0 0 1 1 0 1 1 1 1 1 1 0 0 1 0 1 0 1 1 0 1 1 1 1 1 1 0 1 
1 0 0 0 0 1 1 1 1 1 1 0 0 1 1 1 0 0 0 0 1 1 0 0 0 0 0 0 0 1 1 1 1 0 1 0 0 0 1 0 0 0 1 1 1 0 0 0 0 1 0 1 0 1 0 1 1 1 1 0 1 0 0 0 1 0 0 0 1 0 1 0 0 0 1 0 1 1 1 1 1 0 0 0 0 0 1 1 1 0 
1 1 1 0 0 1 0 1 0 1 1 0 0 1 1 0 1 1 1 1 1 0 1 0 0 1 1 1 0 1 0 0 1 1 0 1 1 0 1 1 0 1 0 1 1 0 0 1 0 0 1 1 0 1 1 1 1 0 1 0 0 0 0 1 0 0 1 0 1 1 0 1 0 0 0 1 0 0 0 0 1 1 0 0 1 1 0 0 1 1 
0 1 1 1 1 1 0 1 1 1 0 0 0 1 0 1 0 0 0 0 1 0 1 0 0 0 1 0 1 0 0 1 0 0 0 0 1 1 0 0 1 0 0 1 1 0 1 1 1 0 1 0 1 0 1 1 0 0 0 0 0 1 1 0 0 0 1 0 1 0 0 1 1 0 1 0 1 1 0 1 0 1 1 1 0 0 0 0 1 1 
1 0 1 0 1 1 0 1 1 1 1 0 0 0 0 1 0 1 0 1 0 0 1 1 0 0 0 0 0 1 0 0 1 0 0 0 1 0 0 0 0 1 1 0 1 0 0 1 1 1 0 1 0 1 1 1 1 0 0 1 0 0 1 1 1 0 0 0 0 1 0 0 1 0 0 0 1 1 0 1 0 0 1 0 0 1 0 1 1 0 
0 1 1 0 1 0 1 0 1 1 1 0 0 1 1 1 0 0 1 0 0 1 1 0 1 0 0 1 0 0 0 1 0 0 0 0 0 1 0 1 1 1 1 0 0 1 1 0 1 0 0 1 0 1 1 1 1 0 0 1 0 1 1 0 1 0 1 1 1 1 0 0 0 0 0 0 1 0 0 1 0 1 1 1 1 0 0 1 0 0 
0 1 1 1 1 0 1 1 0 1 1 1 0 0 1 1 1 1 1 1 1 1 1 1 0 0 0 0 0 1 1 1 1 1 1 1 0 0 0 1 1 1 1 0 0 0 0 0 1 1 1 0 0 0 1 1 1 0 0 1 0 0 1 0 0 1 1 1 0 1 1 1 1 1 1 0 1 1 1 1 1 0 0 1 1 0 1 0 1 0 
1 0 1 0 1 1 1 1 1 1 0 1 0 0 1 0 1 0 1 1 1 1 1 1 1 0 1 0 1 0 1 0 1 0 0 1 1 1 0 0 0 1 1 0 1 0 0 0 1 1 1 1 0 0 0 1 1 0 1 1 1 1 0 0 0 1 1 0 1 1 1 1 0 1 0 0 1 0 1 1 1 1 0 0 0 0 1 0 1 0 
1 1 1 0 1 1 1 1 0 0 1 1 0 0 1 1 0 1 1 0 0 1 1 1 1 1 0 1 1 0 1 1 1 0 0 0 1 0 1 0 1 0 1 1 0 0 0 1 0 1 0 1 1 0 0 0 1 0 1 0 0 1 1 0 0 0 1 1 1 1 1 1 1 1 1 1 0 0 0 0 0 0 0 1 1 0 1 0 1 0 
1 0 1 0 1 0 0 1 0 0 0 0 0 0 1 0 1 0 1 0 0 0 0 1 0 0 0 0 0 1 0 1 1 1 1 0 0 0 0 1 0 1 0 1 0 0 0 1 1 1 1 0 0 0 1 1 0 0 1 1 0 0 1 0 1 0 0 0 1 0 0 0 1 0 1 1 1 1 0 1 1 0 1 0 0 1 0 0 0 0 
1 1 0 1 1 1 1 1 1 0 1 1 0 0 1 0 0 0 0 0 1 0 1 1 1 0 0 0 0 0 1 0 0 1 1 0 0 0 1 0 1 1 1 1 0 0 1 1 0 1 1 0 0 0 0 0 1 1 1 0 0 1 1 1 0 0 1 0 1 1 0 0 1 1 1 1 1 0 0 0 1 1 0 0 1 1 1 0 0 1 
1 0 0 1 0 1 0 1 0 0 1 1 1 0 0 0 1 1 1 1 0 0 0 1 0 1 1 0 1 0 1 0 0 1 0 1 1 1 1 0 1 0 0 1 0 1 0 0 0 1 1 0 1 0 0 0 0 1 0 0 1 0 0 1 1 1 1 0 0 0 1 0 0 0 0 1 0 0 0 0 0 1 0 0 0 0 0 0 1 0 
0 1 0 1 1 1 0 0 0 1 1 0 0 0 0 1 0 0 1 1 1 1 0 0 1 0 1 1 1 1 1 0 0 0 0 1 0 1 0 1 0 1 0 1 1 1 1 1 0 0 0 0 1 1 0 1 0 0 1 0 0 0 0 0 0 0 1 0 1 0 1 1 1 0 0 1 0 1 0 1 1 0 1 0 1 1 1 1 1 1 
1 0 0 1 1 0 1 1 1 1 0 1 0 1 0 0 1 0 1 1 0 0 1 0 1 0 0 1 1 0 0 0 0 0 1 0 0 0 1 0 1 1 1 0 0 1 0 0 0 1 0 1 1 0 0 1 1 0 1 0 1 1 1 1 1 1 0 0 1 1 1 1 0 1 0 1 1 0 1 0 1 1 1 0 1 1 0 0 1 0 
0 0 1 1 1 0 1 0 1 1 1 0 1 0 1 0 0 1 0 1 1 0 0 1 1 1 1 0 0 1 0 0 0 1 0 1 0 0 1 1 1 1 0 0 1 1 0 0 1 1 0 1 1 1 0 0 0 1 1 1 1 0 0 1 0 1 1 1 0 1 1 1 1 0 0 1 0 1 0 1 0 0 1 1 1 0 1 1 1 1 
0 1 1 1 0 1 0 0 1 0 1 1 1 1 0 1 1 0 0 0 1 1 0 1 0 1 1 1 1 0 0 1 0 1 0 1 0 0 1 0 1 0 0 1 0 0 0 1 0 0 1 0 0 0 0 0 1 0 0 1 0 1 0 1 0 1 0 0 1 1 1 0 1 0 1 0 1 0 1 1 0 0 1 0 0 0 0 0 0 0 
0 0 0 0 0 0 1 1 0 0 1 0 1 1 0 1 1 1 1 1 1 1 0 1 0 0 1 0 0 1 1 0 1 1 1 0 0 1 1 0 1 1 0 1 0 1 1 1 0 1 1 0 0 1 0 0 0 0 0 1 0 0 0 1 1 0 0 0 0 0 0 1 1 0 0 1 1 1 1 1 0 1 1 1 0 1 1 1 1 1 
1 1 0 0 0 0 0 0 1 0 1 0 0 0 1 1 0 1 1 0 1 0 1 0 0 0 1 0 0 1 1 0 1 1 0 1 1 1 0 1 1 1 1 1 1 1 0 1 0 0 0 0 1 0 0 0 1 1 0 1 0 0 0 1 1 1 1 1 0 0 0 1 1 0 1 1 1 0 0 1 1 0 1 0 0 1 0 1 1 0 
1 0 0 0 1 1 0 1 0 0 0 1 0 1 1 1 0 0 1 0 0 0 0 0 1 0 1 1 1 1 0 1 1 0 1 1 0 0 0 0 1 0 1 1 1 1 0 1 1 1 0 1 0 1 1 0 0 1 1 1 0 1 1 1 1 1 0 1 1 0 1 1 0 0 1 0 1 0 1 1 1 1 0 0 0 0 1 1 0 0 
1 0 1 1 1 0 0 0 1 0 0 0 0 0 1 1 1 0 1 1 0 1 1 0 1 0 0 1 1 0 0 1 0 1 0 1 0 0 0 0 1 0 1 1 1 1 0 1 0 1 0 0 1 1 1 0 0 1 0 1 0 1 1 0 0 0 0 0 0 1 0 1 1 1 1 1 1 1 1 1 1 0 1 1 1 0 1 0 0 0 
0 1 1 0 1 0 1 1 1 1 0 1 0 0 0 0 1 0 0 0 1 0 0 0 1 0 0 1 1 0 0 0 0 0 1 0 0 1 0 1 1 0 0 1 0 1 1 1 0 1 0 1 0 1 0 1 1 1 0 1 0 0 1 1 0 1 1 0 1 0 0 0 0 0 1 0 1 0 1 0 0 1 0 0 1 1 1 0 0 1 
0 0 0 1 1 0 1 0 0 0 0 0 0 0 0 0 1 1 1 0 1 0 1 1 1 1 1 0 0 0 0 1 1 0 1 1 1 1 0 1 1 0 1 1 1 0 0 0 0 0 1 0 1 1 0 0 1 1 1 1 1 0 1 1 0 0 1 0 1 1 1 0 0 1 1 0 1 1 1 0 0 1 1 1 1 0 1 1 1 1 
1 1 1 1 0 1 0 0 0 1 0 0 1 1 1 0 1 1 1 0 1 1 1 1 0 0 1 0 1 1 1 0 1 0 1 0 0 1 1 1 0 0 1 1 0 1 1 0 0 1 0 0 0 0 1 0 1 0 0 1 0 1 1 0 1 1 1 1 1 1 1 0 0 1 0 1 1 1 0 1 0 1 1 0 0 1 0 0 1 1 
0 1 1 1 0 1 0 0 0 0 0 1 1 0 0 1 1 0 1 1 0 0 0 1 0 0 0 0 1 1 0 1 1 0 0 1 1 0 1 0 1 1 1 1 1 1 1 0 0 1 1 0 0 0 0 1 1 1 0 1 0 0 0 0 1 0 1 0 1 1 0 1 0 0 0 1 0 0 0 0 1 0 1 0 1 1 1 1 0 1 
