30 90 5
290.0 259.0 289.0 306.0 205.0 217.0 133.0 243.0 302.0 228.0 299.0 148.0 347.0 326.0 293.0 267.0 254.0 230.0 287.0 253.0 222.0 247.0 262.0 188.0 303.0 146.0 195.0 216.0 272.0 300.0 
2.8 3.2 3.0 2.0 2.0 3.6 -0.1 3.3 2.6 3.3 2.8 2.6 1.8 3.4 1.9 4.0 3.8 2.9 2.8 3.1 2.3 3.7 1.3 3.3 1.8 3.2 0.6 2.9 1.0 2.1 3.5 2.2 1.7 2.2 3.0 2.3 3.1 2.8 1.9 2.8 2.6 1.9 2.0 2.1 3.3 1.7 2.9 2.1 1.1 3.1 3.8 3.0 3.4 3.2 3.9 2.5 2.3 2.6 2.1 3.3 2.2 1.0 3.5 3.2 2.9 2.4 2.9 2.3 2.0 2.5 2.6 1.7 2.8 3.5 3.3 3.8 2.3 2.6 3.4 3.7 2.3 1.2 3.0 2.5 2.8 2.1 1.9 1.7 2.7 3.4 
0 1 1 1 0 1 1 0 0 0 0 1 1 1 0 0 1 1 1 0 1 0 0 0 0 0 0 0 0 0 1 1 1 1 0 1 0 0 1 0 0 1 1 1 1 0 1 1 1 1 0 1 0 0 0 0 1 1 0 0 1 0 1 0 1 1 1 0 0 1 1 1 0 1 1 0 1 1 0 1 1 1 0 1 0 0 0 1 1 1 
1 0 1 0 1 1 1 1 0 0 0 1 1 0 1 0 0 0 0 0 0 0 0 1 0 0 1 0 0 1 0 1 1 0 0 1 1 1 0 0 0 1 1 0 1 0 1 1 1 0 0 0 1 1 0 1 1 0 0 0 1 0 1 0 1 1 0 1 1 1 0 0 1 0 0 0 0 1 0 0 1 0 1 0 0 1 0 0 0 1 
1 0 1 0 0 1 1 0 0 0 1 0 1 1 1 0 1 0 1 1 1 1 1 1 1 1 1 1 1 1 0 0 0 1 1 1 0 0 1 1 1 1 1 0 1 0 1 0 1 0 0 1 0 1 1 0 1 1 1 0 0 0 0 1 0 0 0 1 0 1 1 0 0 0 0 1 0 1 1 0 1 0 0 0 0 1 1 0 0 0 
1 0 0 1 0 0 1 0 0 1 1 0 1 0 1 0 0 1 1 0 0 1 1 0 1 1 0 0 0 0 0 1 1 1 0 1 0 0 1 0 1 1 1 0 1 1 0 0 0 1 1 0 1 0 1 0 0 1 1 0 0 1 1 0 1 0 1 0 1 1 1 0 0 0 1 0 1 0 0 0 0 0 0 1 1 1 0 1 1 1 
0 1 0 1 1 1 1 0 1 1 0 0 1 1 0 0 1 1 0 0 0 1 1 0 0 1 1 1 1 1 1 1 0 0 1 0 0 0 0 1 1 0 1 0 0 1 1 1 1 1 1 0 1 0 0 0 0 0 0 1 1 1 0 0 0 0 1 1 1 0 1 0 1 0 1 0 1 0 0 0 0 1 0 0 0 1 0 1 0 0 
0 1 1 0 1 1 1 0 0 0 0 0 0 0 1 0 1 0 0 0 1 0 1 0 0 1 1 0 1 1 0 1 0 1 1 1 0 0 0 1 0 1 1 1 1 0 1 0 1 1 1 1 0 0 1 0 0 0 1 1 0 0 0 1 1 0 0 0 0 0 1 0 1 0 1 0 1 0 1 1 0 0 0 1 0 0 1 0 1 1 
0 1 1 1 0 1 0 0 1 0 0 0 1 0 0 0 1 1 0 1 1 0 0 0 1 1 0 0 0 1 1 0 0 1 1 0 0 0 0 1 0 0 1 1 0 1 0 1 1 1 1 0 1 1 1 0 1 0 0 1 1 1 1 0 1 1 1 0 1 0 0 0 0 0 0 0 1 0 1 0 1 1 0 0 1 1 1 0 0 0 
0 0 0 0 0 1 0 1 1 0 0 1 0 0 1 1 1 0 0 1 1 0 0 1 1 1 0 1 0 0 1 0 1 1 1 1 1 0 1 0 1 1 0 0 0 0 0 0 0 1 0 0 1 1 0 0 1 0 1 1 0 1 1 0 0 1 1 0 1 1 0 1 0 1 0 0 1 1 1 1 0 0 0 0 1 1 0 1 0 1 
0 1 0 1 1 0 1 1 1 0 1 0 0 0 1 1 0 0 0 1 1 0 1 1 0 0 0 1 0 0 1 0 0 0 1 0 0 0 0 1 1 1 1 0 1 1 0 1 1 1 0 0 1 0 0 0 1 1 1 0 1 0 0 1 1 1 1 1 0 1 1 1 1 1 1 0 0 0 0 0 0 0 0 0 0 0 0 1 1 1 
0 0 1 1 1 0 1 1 1 0 0 1 1 1 0 1 1 1 0 0 1 1 1 0 1 1 0 1 1 0 1 0 0 0 1 1 0 0 1 0 0 0 1 0 0 0 0 1 1 0 0 1 0 0 0 1 1 0 0 1 1 0 1 1 1 0 1 0 1 0 0 0 1 1 0 0 1 1 0 0 0 0 0 0 0 1 1 1 0 1 
0 0 0 1 1 0 0 1 0 1 1 0 1 0 1 1 1 1 0 0 1 0 1 0 1 0 1 0 0 0 0 1 0 1 0 1 0 1 0 1 1 0 0 0 1 0 0 0 1 1 1 1 1 0 0 0 1 1 1 1 1 1 0 0 1 0 0 1 1 1 1 0 1 1 0 0 0 0 1 1 1 1 0 0 1 1 0 0 1 1 
0 0 1 0 1 0 0 1 1 0 0 0 1 1 0 1 1 1 1 0 1 0 1 0 0 0 1 0 1 1 0 1 1 1 0 1 1 0 1 0 1 0 1 0 0 0 0 0 1 1 0 1 1 0 0 0 1 1 0 1 0 1 1 0 1 0 1 0 1 1 1 1 0 1 0 1 1 1 0 1 0 0 0 0 1 1 0 0 1 0 
0 1 1 1 1 1 1 0 0 1 0 0 0 1 1 1 1 1 1 1 1 1 0 1 1 0 0 1 1 1 1 1 1 1 0 1 1 1 1 1 1 0 0 0 0 1 0 1 0 1 1 1 0 0 0 0 0 1 1 1 0 0 1 1 0 1 0 1 1 0 0 1 0 1 0 1 1 0 0 0 0 1 0 1 1 1 0 0 1 0 
0 0 1 1 0 0 1 1 0 1 1 0 1 1 0 1 1 1 1 1 0 0 1 0 0 1 0 0 1 1 0 0 0 1 0 0 0 1 0 0 1 1 1 1 1 1 1 0 1 0 0 0 0 0 0 0 0 1 1 0 0 0 1 0 1 0 1 0 1 1 1 1 1 1 0 1 0 0 0 1 0 1 1 0 1 0 0 0 1 1 
1 1 0 1 0 1 0 0 1 1 0 0 0 1 1 0 1 1 0 0 1 0 1 1 1 0 0 0 1 0 0 0 1 0 1 0 0 0 0 1 0 1 1 0 0 1 1 0 1 1 1 0 0 0 1 0 1 0 1 1 0 1 0 1 0 1 0 1 1 1 0 1 0 1 1 0 1 1 1 0 1 1 1 0 1 0 0 0 0 1 
1 0 0 0 0 1 0 0 1 0 0 1 0 0 0 1 0 0 0 1 1 1 0 1 1 0 1 0 1 1 0 0 1 0 0 0 0 1 0 0 1 0 1 1 0 1 0 0 1 0 1 0 0 1 1 0 1 0 0 1 0 1 1 0 0 1 0 0 0 1 1 1 0 1 0 1 0 1 1 1 1 1 1 1 1 1 0 0 1 1 
0 1 1 1 0 1 0 0 1 0 0 0 0 1 1 1 0 1 0 0 1 0 0 0 0 1 0 0 0 1 1 0 1 1 1 0 0 0 0 0 0 0 1 0 1 0 1 1 0 0 1 0 0 1 1 0 0 1 0 0 1 0 0 1 1 1 0 1 0 1 0 1 0 1 1 0 1 0 1 0 0 1 1 0 0 0 0 1 0 0 
0 0 0 0 1 0 1 1 1 1 0 1 1 0 1 0 0 0 0 1 0 1 0 1 0 0 0 0 0 1 1 1 0 0 0 0 0 1 1 1 0 0 1 0 0 1 0 1 0 0 1 0 0 1 0 1 1 0 1 1 1 1 1 0 1 1 1 0 0 1 1 1 1 0 0 1 1 1 1 1 1 1 1 1 0 0 1 1 0 0 
1 1 0 0 1 1 0 0 1 0 0 1 0 1 0 1 0 1 0 1 0 0 0 1 0 1 0 1 1 1 1 1 1 0 1 0 1 1 0 0 1 1 0 1 1 1 0 0 0 1 0 0 0 0 1 1 0 0 0 1 0 0 1 1 0 0 1 1 0 1 0 0 1 1 1 0 0 0 0 0 1 1 1 1 1 1 0 0 0 0 
1 0 0 0 1 1 0 1 1 0 0 0 1 1 1 1 0 0 0 0 1 1 0 0 1 0 0 0 0 1 0 1 1 1 1 1 0 0 0 1 0 1 1 1 1 1 0 1 1 1 1 1 1 0 0 1 1 0 1 0 1 0 0 0 1 1 1 1 1 1 1 0 0 0 1 1 1 1 1 1 0 1 1 0 0 0 0 1 0 1 
1 0 0 1 0 1 1 1 0 0 0 1 0 0 0 0 0 0 0 0 0 1 0 1 1 1 0 0 0 0 0 0 0 0 0 1 1 0 0 0 0 0 1 1 1 0 1 0 0 1 0 1 1 1 0 1 1 1 0 0 0 1 0 1 1 0 0 1 0 1 1 1 0 1 0 1 1 1 1 1 0 0 1 1 1 0 0 1 1 0 
1 0 0 1 1 0 1 1 1 0 1 1 0 0 1 0 0 0 0 0 1 1 1 1 0 1 0 0 1 0 1 0 0 0 0 0 0 0 0 1 1 0 0 1 0 0 0 0 1 0 0 0 1 0 0 0 1 1 0 0 1 0 0 1 0 1 1 1 0 1 0 1 1 0 1 1 0 0 0 0 1 1 0 1 1 1 1 1 0 0 
0 0 0 0 0 0 1 1 1 0 1 0 0 0 0 0 1 1 1 1 1 1 0 1 0 0 1 0 0 0 0 0 0 1 1 1 1 0 0 0 1 1 1 0 1 0 1 0 1 1 1 0 0 1 0 1 0 1 1 1 1 1 1 1 1 1 0 1 1 1 1 0 1 0 1 0 1 0 0 0 0 0 0 0 1 1 1 0 1 0 
1 0 1 0 1 0 1 0 0 1 0 1 0 1 0 0 1 0 0 0 1 1 1 1 0 1 0 1 1 0 0 0 1 1 0 1 1 1 1 0 1 1 0 0 1 1 0 0 0 1 0 1 0 1 1 0 0 1 0 0 0 0 1 1 0 0 0 1 0 1 1 0 0 1 1 1 0 1 1 1 1 1 1 0 1 0 1 1 1 0 
1 0 0 1 0 1 1 1 0 0 0 0 0 1 1 1 1 1 0 1 1 1 0 0 0 1 0 0 1 0 0 1 1 1 0 1 1 1 1 1 0 1 0 1 1 0 0 0 1 1 0 1 1 1 1 1 0 1 1 1 0 1 1 0 1 0 0 1 1 0 1 0 0 0 1 1 1 0 1 0 0 1 1 1 0 0 0 1 0 0 
1 0 0 0 0 1 1 1 1 0 1 0 0 1 0 0 1 0 0 0 1 0 0 1 1 1 0 1 1 0 1 0 1 0 0 1 1 1 1 1 1 0 0 1 0 0 1 1 0 1 0 0 1 0 1 1 1 0 1 0 0 0 1 0 0 1 1 0 0 0 0 0 0 0 1 0 1 0 0 1 0 1 1 1 1 0 1 0 0 0 
0 0 1 1 0 1 1 0 1 1 1 0 1 1 1 0 0 1 0 0 1 0 0 1 1 1 1 1 0 1 0 0 0 0 0 1 1 0 1 0 1 1 0 1 0 0 0 0 1 0 1 1 1 0 0 0 1 1 1 1 1 0 1 0 1 1 0 0 1 1 1 1 0 1 1 0 1 1 0 0 0 1 1 1 1 0 0 1 1 1 
0 1 1 0 1 0 1 1 0 1 1 1 0 1 0 1 1 1 0 0 0 1 0 0 1 1 1 0 0 1 0 1 0 1 1 0 0 1 1 0 1 1 1 0 1 0 1 1 1 1 0 1 0 0 1 0 1 1 0 0 1 1 1 0 1 0 1 1 1 0 0 0 1 1 1 0 1 1 0 0 0 0 0 0 0 1 0 0 1 0 
0 1 0 1 1 0 1 1 1 1 1 1 0 0 0 1 1 1 1 0 0 0 0 1 1 1 1 1 0 1 0 0 1 1 0 0 1 0 1 1 1 0 1 0 1 0 0 0 0 0 0 1 1 0 0 1 1 1 0 1 1 0 0 0 0 0 1 0 1 0 0 0 0 0 1 1 1 0 1 1 0 1 1 0 1 1 1 0 1 0 
0 0 0 1 1 0 0 0 0 1 1 0 1 1 0 1 0 0 1 0 1 0 0 1 0 1 0 1 1 0 0 1 1 0 1 0 1 0 1 0 0 1 1 0 0 0 1 1 1 0 0 1 0 0 1 1 1 0 0 0 1 1 1 0 1 1 0 1 1 0 1 0 1 0 1 1 0 0 0 1 1 1 0 0 1 1 0 0 1 0 
