30 30 8
306.0 144.0 249.0 256.0 260.0 210.0 317.0 194.0 227.0 133.0 250.0 256.0 274.0 255.0 160.0 283.0 249.0 247.0 320.0 189.0 223.0 234.0 281.0 271.0 303.0 207.0 210.0 297.0 222.0 282.0 
4.2 5.3 3.4 4.5 4.2 4.2 5.3 4.6 3.9 2.9 3.2 5.1 5.9 4.5 1.3 3.7 4.3 3.4 4.3 3.0 4.2 5.1 4.0 4.7 4.2 6.0 2.5 4.6 4.7 3.8 
0 1 1 0 1 1 0 1 0 1 0 0 0 0 1 0 1 1 0 1 1 1 1 0 1 0 0 0 1 0 
1 0 1 0 1 0 0 0 0 0 0 1 1 1 0 0 1 0 0 1 0 0 1 1 1 1 0 0 1 1 
0 1 0 0 0 0 0 0 0 1 0 1 0 1 1 0 0 1 1 1 0 0 1 1 0 1 0 0 1 1 
0 0 1 0 0 0 0 0 1 1 1 1 1 1 0 1 1 1 0 0 1 1 0 0 0 0 0 1 1 1 
0 1 1 1 1 0 0 1 0 1 0 0 1 1 1 1 0 0 1 0 1 0 0 1 0 1 1 0 1 1 
1 0 0 0 0 0 0 1 1 1 1 1 0 1 0 1 0 1 0 1 1 1 0 1 0 0 0 0 1 0 
0 1 0 1 1 0 0 1 1 1 1 1 1 1 1 0 1 0 1 1 1 1 1 1 1 1 0 1 0 0 
1 0 0 1 0 1 0 0 1 1 0 1 1 1 0 0 1 1 0 0 0 0 0 0 0 1 1 1 1 0 
0 0 0 0 1 1 0 1 0 0 1 0 1 0 1 1 1 0 0 0 1 0 0 0 0 1 1 1 0 0 
1 1 1 0 1 1 1 1 1 1 0 1 0 1 1 0 0 1 1 0 0 0 1 1 1 1 0 0 1 0 
1 1 0 0 1 0 1 1 0 1 0 1 1 0 1 0 0 0 1 0 1 0 1 1 0 0 0 0 1 1 
1 0 0 1 0 0 0 0 0 1 1 0 1 0 1 1 0 0 0 1 0 1 0 1 0 1 1 1 1 0 
1 0 1 0 0 0 1 0 0 0 1 1 1 0 0 0 1 1 1 1 1 1 1 1 1 1 1 0 1 1 
1 0 0 1 0 0 0 1 1 1 1 1 0 1 0 1 1 1 0 1 1 1 0 1 0 0 1 1 0 0 
1 0 1 0 1 1 1 0 0 0 1 1 0 0 0 1 0 1 1 1 0 1 0 1 1 0 0 1 0 1 
1 0 0 0 0 0 0 1 1 0 0 0 1 0 1 0 0 0 1 0 0 1 1 0 1 1 1 1 1 0 
0 1 1 0 0 0 1 0 0 0 1 1 1 1 1 0 1 0 0 1 0 1 1 0 0 0 0 0 0 0 
1 1 0 1 0 1 0 1 1 0 1 1 1 0 1 0 0 1 0 1 0 0 1 0 1 1 0 1 1 0 
0 1 0 0 1 0 0 0 1 0 1 0 1 0 1 0 1 0 1 0 0 0 0 1 0 0 0 1 1 1 
0 1 1 0 1 1 0 1 1 1 1 0 0 1 0 0 0 1 1 0 1 1 0 0 1 1 0 0 0 0 
0 1 0 1 0 0 1 0 1 0 0 0 0 0 0 1 1 0 0 1 1 1 0 1 0 0 0 0 1 1 
0 0 0 1 0 1 0 0 1 0 1 1 0 0 0 1 1 0 0 0 0 1 1 0 1 0 0 0 1 1 
1 1 1 1 1 1 1 0 1 0 0 0 1 1 1 1 1 0 1 0 0 0 0 1 1 1 1 1 0 1 
1 1 1 0 0 1 0 0 0 0 1 0 0 1 1 0 1 0 1 1 0 0 0 1 1 0 0 1 1 0 
0 1 0 1 1 0 0 1 1 1 1 1 1 1 1 1 0 0 0 1 1 1 0 0 1 1 1 1 1 0 
0 0 0 0 1 1 1 1 0 1 0 1 0 1 0 1 1 0 0 1 0 0 1 1 0 1 0 1 0 0 
0 0 0 1 0 0 1 0 0 1 1 0 0 1 1 1 0 0 1 0 1 0 0 0 0 0 0 0 0 1 
0 0 0 1 0 0 0 0 1 1 0 0 1 1 1 1 1 0 1 1 0 1 0 1 0 1 1 1 1 1 
0 0 0 0 0 1 0 1 0 1 0 0 0 1 0 0 1 0 1 1 0 0 1 1 0 0 0 1 1 1 
1 0 0 0 0 0 1 1 0 1 1 0 0 0 0 0 0 0 1 0 0 0 0 0 1 0 0 0 0 0 
