30 70 5
245.0 346.0 270.0 275.0 313.0 227.0 261.0 228.0 225.0 237.0 288.0 258.0 226.0 192.0 298.0 334.0 238.0 227.0 230.0 245.0 216.0 312.0 311.0 269.0 256.0 265.0 253.0 210.0 276.0 140.0 
2.1 3.9 3.1 2.6 2.8 3.2 1.0 2.6 2.3 2.3 1.9 2.3 2.7 1.9 1.8 3.9 2.8 2.9 1.1 2.9 2.1 2.3 3.5 2.0 1.3 3.3 2.6 2.1 3.7 2.0 3.5 2.1 4.3 2.3 0.8 3.5 2.3 3.0 1.8 2.0 2.4 1.7 1.7 1.4 1.6 3.5 2.9 1.7 2.5 1.7 2.5 1.2 1.8 4.3 3.5 2.4 2.0 1.3 3.8 2.8 2.4 3.2 3.1 2.5 2.6 3.9 2.9 1.8 1.7 0.6 
0 0 0 1 0 1 1 1 0 0 0 0 1 1 0 0 0 0 1 1 0 0 0 0 1 1 0 0 1 0 1 0 0 0 0 1 1 1 1 0 1 0 0 0 1 1 1 0 1 0 1 1 0 0 1 0 0 1 0 0 1 0 1 0 1 1 1 0 1 1 
0 0 0 0 0 0 0 1 0 0 0 1 0 0 1 0 0 0 1 1 1 1 0 0 0 0 0 1 0 1 0 0 1 0 0 1 1 1 1 1 0 1 0 1 1 1 1 1 0 0 1 1 1 1 1 1 0 1 1 0 0 1 0 1 0 1 0 1 0 0 
1 0 1 0 0 1 0 0 1 1 1 0 1 1 1 0 1 0 1 0 1 0 0 1 1 1 1 1 1 1 0 1 1 1 1 0 1 1 0 0 0 0 0 1 1 1 0 0 1 1 0 0 1 1 1 1 1 0 0 0 0 0 0 1 0 1 1 0 0 0 
1 1 1 1 0 0 0 0 0 0 1 1 1 0 1 1 1 0 0 0 0 0 1 0 0 0 0 0 1 1 0 0 1 0 1 1 1 0 0 0 1 1 1 1 0 0 1 0 0 1 1 1 0 0 0 1 0 0 0 0 1 0 1 0 0 0 0 0 0 0 
1 0 0 0 0 0 0 1 0 0 1 1 0 1 1 0 1 1 1 0 1 0 0 1 0 0 0 0 1 0 1 1 1 1 1 0 0 0 1 0 1 0 1 1 1 0 1 0 1 1 1 0 1 0 1 1 0 0 1 0 0 1 1 1 0 0 1 1 1 0 
0 0 0 1 1 1 0 1 0 1 0 0 0 0 0 1 0 1 0 1 0 0 0 0 0 0 0 0 1 0 0 1 0 1 1 0 1 1 1 1 0 1 0 0 0 1 0 1 0 0 0 0 1 0 1 0 0 0 0 1 0 0 0 0 0 1 1 1 0 1 
1 1 1 0 1 0 0 0 1 1 0 1 0 0 0 0 1 0 0 1 0 1 0 0 0 0 1 0 0 0 1 1 0 0 0 1 1 0 0 1 1 0 1 0 1 0 0 1 0 0 0 1 0 0 1 0 1 1 1 0 0 1 0 0 0 1 1 0 1 1 
1 0 1 0 1 1 0 0 0 1 0 1 0 1 1 1 0 0 1 0 1 0 1 0 1 0 0 1 1 0 1 0 1 1 0 0 0 1 0 1 1 1 0 1 0 1 1 0 0 0 1 0 1 1 1 0 0 1 0 0 0 1 0 0 1 0 1 1 0 1 
0 1 1 1 0 1 0 1 1 0 1 0 0 0 1 0 0 0 0 1 1 0 0 1 1 1 0 0 1 1 0 0 1 0 1 1 0 1 0 0 1 0 1 1 1 0 1 1 0 1 0 1 1 0 0 1 0 1 0 1 1 1 1 1 1 0 1 1 1 0 
1 1 0 0 1 0 1 0 1 1 1 1 1 1 1 0 1 1 0 0 1 1 1 0 0 0 0 0 1 0 1 1 1 0 0 1 0 1 1 0 1 0 1 0 0 0 1 0 0 1 1 1 1 1 0 0 0 0 0 0 0 1 0 0 0 1 1 1 1 1 
1 0 0 1 0 1 0 1 1 0 0 0 1 0 1 0 1 0 0 1 1 0 0 0 1 0 1 0 0 1 1 1 0 0 0 1 0 1 1 0 1 1 0 1 0 0 0 1 0 0 1 1 1 1 1 0 1 1 1 1 1 0 0 1 0 0 0 1 1 1 
0 0 1 1 1 0 1 0 0 0 1 0 0 0 0 1 0 1 0 0 1 0 0 1 1 1 0 0 1 1 0 0 1 0 0 0 1 1 0 1 0 1 1 1 1 1 0 1 1 1 0 0 1 1 1 0 1 0 1 0 1 0 0 0 1 0 1 1 1 0 
1 1 0 1 1 0 1 1 0 0 1 0 1 0 1 1 1 0 1 0 0 1 1 1 1 0 1 0 1 0 1 1 0 1 0 1 0 1 1 0 1 1 0 0 1 1 1 0 1 1 1 0 0 1 1 0 1 1 1 1 1 1 1 0 0 1 0 0 0 1 
1 1 1 0 0 0 0 0 1 1 1 0 1 1 0 1 0 0 1 0 0 1 0 0 1 0 1 0 0 0 1 1 1 1 0 0 0 1 1 1 1 0 0 1 1 0 0 0 1 0 1 0 1 1 0 0 0 1 0 1 0 0 1 1 0 1 1 1 1 1 
0 0 0 0 0 0 1 0 0 1 0 1 0 0 1 1 0 1 0 1 1 0 1 0 0 1 1 1 0 1 1 0 1 0 0 1 0 0 1 1 1 1 1 0 1 1 1 1 0 1 1 0 0 1 0 0 1 1 1 1 1 0 1 0 1 0 0 1 1 0 
0 0 1 1 1 1 1 1 0 0 1 0 0 0 0 1 1 1 1 1 1 0 1 0 0 0 1 0 1 1 0 1 1 0 0 1 0 1 0 0 0 1 1 0 0 0 0 0 1 1 1 0 0 0 0 1 0 1 0 0 1 1 1 1 1 1 1 0 0 0 
1 1 1 0 1 0 0 0 1 0 0 1 0 1 0 1 0 0 0 1 0 0 1 1 1 0 0 1 1 1 1 0 0 1 1 0 0 1 0 0 1 0 1 1 1 0 1 0 0 1 0 0 0 0 1 0 1 0 0 1 0 1 0 1 1 1 1 0 1 1 
1 0 1 1 0 1 0 0 1 1 1 0 0 1 0 0 1 0 1 1 1 1 1 1 1 0 0 1 1 0 0 0 1 0 1 0 1 1 0 0 1 1 0 0 0 0 1 1 0 0 1 0 0 0 1 1 0 1 1 1 1 0 0 1 0 0 1 1 0 0 
0 1 0 0 1 1 0 1 1 1 1 0 0 0 0 1 1 1 1 1 1 0 0 0 0 0 1 0 1 0 1 1 1 1 0 1 1 0 0 0 1 1 0 1 1 1 1 0 0 0 0 1 1 0 1 1 1 1 1 0 1 0 1 1 0 0 0 1 1 0 
1 0 0 0 0 0 1 0 1 0 1 0 1 1 0 0 0 0 1 0 0 1 1 1 0 1 1 0 0 0 0 0 1 1 1 0 0 0 0 0 0 1 0 1 0 1 0 0 0 1 1 1 1 1 0 1 1 0 0 0 1 0 1 0 0 1 0 0 0 0 
0 0 0 0 0 1 0 1 0 0 0 0 0 1 0 0 1 1 1 0 0 0 1 1 1 0 1 0 1 0 1 0 1 0 1 0 0 1 1 0 0 0 0 1 0 1 1 0 0 1 0 0 0 0 0 1 1 1 1 0 0 0 0 0 0 1 0 0 1 0 
0 0 1 1 1 1 0 1 0 0 1 1 1 1 1 1 0 0 1 0 1 0 0 1 0 0 1 0 0 0 1 1 0 1 0 0 1 1 0 1 1 0 0 1 1 0 1 0 1 1 1 1 1 0 0 0 0 0 1 1 1 0 0 1 0 0 0 0 0 1 
0 0 1 0 1 1 1 0 1 0 0 0 0 1 0 0 1 0 0 0 1 0 1 1 0 0 1 1 1 0 0 1 0 0 0 1 1 1 1 1 1 0 1 0 0 0 1 0 1 1 1 1 1 1 1 0 0 0 1 0 0 0 0 1 1 1 0 0 0 1 
0 0 0 1 1 0 1 1 1 1 1 0 1 0 0 0 1 0 1 1 0 0 0 1 1 1 1 0 1 0 1 1 0 0 1 1 1 1 1 1 1 0 0 0 0 0 0 0 1 0 0 0 0 1 1 1 1 1 1 0 1 0 0 0 1 1 0 1 1 0 
1 1 0 0 0 1 0 1 1 0 1 1 1 0 1 1 0 1 0 1 1 1 1 1 0 0 0 1 0 0 0 0 0 1 1 0 1 1 0 0 1 1 0 1 0 0 1 1 0 1 1 0 0 1 1 0 1 1 1 0 0 1 0 0 0 0 1 1 0 1 
0 0 1 1 1 0 0 1 1 1 1 1 1 0 0 0 0 0 0 0 0 0 1 1 1 1 1 1 1 1 0 0 0 0 0 0 0 1 0 0 0 1 0 1 0 1 1 1 0 1 0 0 1 1 1 0 1 1 0 0 0 0 0 0 0 1 0 1 0 1 
0 1 1 1 0 1 1 0 1 0 0 1 0 0 1 1 0 0 0 0 1 0 1 0 0 1 1 1 0 1 1 0 0 1 0 1 1 1 1 0 1 0 0 0 0 1 0 0 0 1 1 0 1 0 0 1 0 1 0 1 1 0 1 1 0 1 0 0 1 1 
0 0 1 1 0 1 0 1 0 0 0 1 0 1 0 0 1 1 1 1 1 1 1 0 0 1 1 1 0 0 0 0 0 1 0 1 0 0 0 1 0 0 1 1 1 1 0 1 0 1 1 1 1 1 1 1 0 1 1 0 0 1 1 1 1 1 0 0 1 1 
0 1 1 1 0 0 1 0 0 1 1 0 0 0 0 0 1 0 0 0 0 1 0 0 1 0 0 1 1 0 1 0 0 0 0 0 0 1 1 0 0 1 0 0 0 1 1 0 0 1 0 1 0 0 1 1 0 1 0 1 0 0 0 1 1 0 1 1 0 1 
1 1 1 1 1 0 0 1 1 0 0 1 1 0 0 1 0 1 1 0 0 1 1 0 1 1 0 1 1 1 0 1 0 0 0 1 1 0 1 0 1 1 1 1 0 0 0 0 0 0 0 0 1 1 1 0 0 0 1 1 1 1 1 0 0 1 1 1 0 0 
