30 50 8
319.0 206.0 279.0 340.0 201.0 207.0 179.0 245.0 174.0 280.0 191.0 214.0 182.0 320.0 214.0 257.0 217.0 223.0 257.0 254.0 262.0 255.0 303.0 205.0 234.0 209.0 319.0 234.0 244.0 213.0 
4.7 3.2 5.0 4.7 3.8 4.5 3.5 3.1 3.3 3.4 3.9 6.0 3.5 4.3 3.8 3.9 4.3 4.3 4.4 4.7 4.1 3.2 3.2 3.2 2.9 2.8 4.3 4.4 4.5 5.3 4.8 3.3 4.2 2.4 4.3 3.8 4.5 4.7 3.3 3.4 5.7 3.8 1.7 4.6 3.4 5.4 3.0 4.1 3.6 4.3 
0 0 1 1 1 0 0 1 1 0 1 0 0 1 0 1 0 0 0 0 0 0 0 1 1 1 1 1 0 1 0 1 0 0 0 0 0 1 0 0 1 0 1 1 1 1 0 1 0 1 
1 1 1 1 0 1 0 0 0 0 0 0 0 1 0 0 1 1 0 1 0 1 0 0 0 1 0 1 0 0 0 1 0 1 1 0 0 1 1 1 0 1 1 0 0 0 1 1 0 1 
1 1 0 0 0 0 1 1 1 1 0 1 1 0 0 1 1 0 0 0 0 1 1 0 0 0 0 0 0 0 1 1 0 0 0 1 0 0 1 1 0 1 0 0 1 1 0 0 0 1 
0 0 1 0 0 1 0 0 1 1 1 0 0 0 0 1 1 1 1 0 0 1 1 0 1 1 0 0 1 0 0 0 1 1 1 0 1 1 0 1 0 0 0 1 1 1 0 1 1 0 
0 1 1 0 0 0 1 0 1 0 0 0 0 0 0 1 1 1 1 0 0 1 0 1 1 1 1 1 0 1 0 1 0 1 1 1 1 0 0 1 1 1 1 1 0 0 1 1 1 0 
1 0 1 1 1 0 1 0 1 0 0 1 0 1 0 1 1 0 0 1 1 0 1 0 0 0 1 1 1 1 1 0 0 0 1 0 0 0 1 1 0 1 0 0 1 1 0 0 1 0 
1 1 0 0 1 0 1 0 0 0 0 0 0 0 1 0 1 1 0 0 1 0 1 0 0 1 1 0 1 0 1 0 1 0 0 0 0 1 1 1 0 0 0 0 1 0 0 1 1 1 
1 0 1 0 1 1 0 0 0 1 1 1 0 1 0 0 0 1 0 0 0 0 1 0 1 1 1 1 1 1 0 0 1 1 0 1 1 0 1 0 1 1 1 0 1 0 0 1 1 0 
0 1 1 0 1 1 0 1 1 0 0 0 1 1 0 0 1 1 0 0 0 1 0 0 1 0 0 0 0 1 0 1 0 0 0 1 0 1 1 0 0 1 0 0 1 1 1 0 1 0 
1 0 0 1 1 1 0 1 0 1 1 0 0 1 0 0 1 1 0 1 0 1 1 1 0 0 1 0 1 0 0 1 1 0 0 1 0 0 0 0 0 0 0 0 0 1 1 1 1 0 
1 0 1 1 0 0 1 1 0 0 1 1 1 0 1 0 0 0 0 1 1 0 0 0 0 1 0 1 1 1 0 0 1 1 0 1 0 1 1 0 0 0 0 0 1 0 0 1 1 0 
1 1 1 0 0 1 1 0 0 0 1 0 0 1 1 1 1 0 1 0 1 1 0 1 0 1 0 0 1 0 0 0 1 0 0 0 1 1 0 0 1 0 1 1 0 0 0 0 0 1 
0 1 1 1 1 1 0 0 1 0 0 1 0 0 1 0 0 0 0 0 1 1 0 1 1 1 0 1 1 1 1 1 0 0 0 0 1 1 1 0 1 0 0 0 1 1 0 0 0 1 
0 0 0 0 0 0 1 1 1 1 1 1 0 1 0 0 0 0 0 0 0 1 0 0 1 1 1 0 0 0 0 1 0 1 0 1 0 0 0 1 0 1 1 1 0 1 0 0 1 0 
0 1 0 1 0 1 0 0 1 0 1 0 1 0 1 1 0 1 0 0 1 1 1 1 1 0 0 1 0 0 0 1 0 1 0 0 0 0 1 1 0 0 0 0 1 0 1 0 0 0 
0 0 0 0 0 1 0 0 0 1 0 0 0 1 1 0 0 1 1 0 0 1 0 1 0 0 1 0 1 1 1 0 1 1 1 0 1 0 0 1 1 0 0 1 1 0 1 1 1 1 
1 1 1 0 0 1 1 0 1 1 1 0 0 0 1 0 1 1 0 0 0 0 1 0 1 0 1 0 1 1 1 1 0 1 0 0 1 1 0 0 0 0 0 0 0 0 1 0 1 0 
0 0 1 0 0 1 1 1 0 1 1 1 1 1 0 1 1 1 0 0 1 1 1 0 0 0 0 0 1 1 0 1 0 1 1 0 0 0 0 1 1 1 0 0 0 1 0 0 1 1 
1 1 0 1 0 1 1 1 1 1 0 0 0 1 1 0 1 0 1 0 1 1 1 1 1 1 1 0 0 1 0 0 1 0 1 1 0 0 1 1 0 0 1 1 0 0 0 0 0 1 
0 1 0 1 1 0 1 0 1 0 0 1 1 1 0 0 1 1 0 1 1 0 0 1 0 0 0 1 1 0 0 0 1 1 0 1 0 1 1 1 1 1 0 0 1 0 0 1 1 0 
1 1 1 0 0 0 1 1 1 0 0 1 1 0 0 1 0 0 0 1 1 1 1 1 1 1 0 1 1 0 0 0 1 0 0 0 0 1 0 1 1 1 1 0 0 1 1 1 1 0 
1 1 1 1 1 1 1 0 0 0 1 0 0 1 1 1 0 1 0 1 1 0 0 1 1 0 1 1 1 1 1 0 0 1 1 0 0 0 1 0 0 1 1 0 0 1 0 0 1 1 
0 0 1 1 1 0 1 1 1 0 1 0 1 0 0 0 1 0 0 1 0 1 0 0 1 0 0 0 1 0 0 0 0 1 0 1 0 0 1 0 1 1 0 1 1 1 1 1 1 1 
0 0 1 1 1 0 0 1 1 1 1 1 0 1 0 0 1 0 1 1 0 1 1 1 1 0 1 0 1 1 1 1 1 1 0 0 1 0 0 0 0 0 0 0 0 0 1 1 0 0 
0 1 1 0 0 0 0 0 1 0 1 0 1 0 0 1 1 0 1 1 0 0 0 0 0 0 1 0 0 0 0 0 1 1 0 0 1 1 0 1 1 1 0 0 1 1 0 1 0 0 
0 0 0 1 1 0 0 1 1 0 1 1 0 1 0 0 0 1 0 1 0 0 1 1 1 1 1 0 0 0 0 1 0 1 0 0 1 1 0 1 1 1 1 1 1 0 1 0 0 1 
0 0 1 1 0 0 1 1 1 1 0 1 1 1 0 1 0 1 0 0 1 1 1 0 1 1 0 0 0 1 0 1 1 0 0 0 1 1 1 1 0 0 1 0 1 1 0 0 1 1 
0 0 0 0 1 0 0 1 1 1 0 0 0 1 0 0 1 0 1 1 0 0 0 0 0 0 0 0 1 1 0 0 0 1 1 0 1 1 0 0 1 1 0 0 0 1 0 0 0 0 
0 1 0 0 1 1 0 0 0 1 0 0 1 1 0 0 0 1 1 1 1 0 1 0 1 1 1 0 1 0 1 1 0 0 1 1 1 1 1 0 0 0 0 0 1 1 0 1 0 1 
1 0 1 0 1 0 1 0 0 1 1 1 0 0 1 0 0 0 1 1 1 1 0 1 1 0 1 1 0 0 1 0 0 0 0 1 0 1 0 1 1 1 1 0 0 1 0 1 0 1 
