30 30 5
251.0 257.0 282.0 314.0 278.0 212.0 334.0 265.0 177.0 323.0 263.0 309.0 255.0 217.0 251.0 235.0 204.0 369.0 195.0 179.0 213.0 134.0 266.0 258.0 288.0 222.0 244.0 220.0 160.0 228.0 
3.4 4.1 3.5 2.3 4.1 0.5 1.8 2.1 2.6 3.2 3.0 2.3 3.2 2.2 3.0 3.4 3.7 2.1 3.0 2.3 3.1 2.9 1.1 2.2 1.9 3.4 3.0 1.4 1.7 4.3 
0 1 1 0 1 0 0 0 1 1 1 0 0 0 0 1 1 0 1 1 1 1 0 0 0 0 0 0 0 1 
1 1 1 1 0 0 0 1 1 1 1 0 0 1 1 0 0 1 1 0 0 0 0 1 0 1 1 1 0 0 
1 1 1 0 0 0 0 1 0 1 0 1 1 0 0 1 0 1 1 0 0 0 0 1 0 1 0 0 0 0 
1 0 1 1 0 1 1 0 1 1 1 1 1 1 1 0 0 1 1 1 0 1 0 1 0 0 1 0 0 0 
0 0 1 0 1 0 0 0 0 0 0 0 1 1 0 0 0 1 1 0 0 0 0 1 0 0 1 1 1 1 
0 1 0 0 1 0 0 1 1 1 0 1 0 1 0 0 1 1 1 1 1 1 1 1 1 0 1 1 0 1 
1 0 1 1 1 0 1 0 0 1 0 1 1 0 0 1 1 0 0 0 0 0 1 0 1 0 1 0 0 0 
1 1 1 0 0 1 1 0 1 0 1 1 0 1 0 0 0 1 1 1 1 1 1 0 1 1 0 1 1 1 
0 1 0 1 1 1 0 0 0 1 0 1 1 1 1 1 0 0 1 0 1 0 1 1 1 0 0 0 0 0 
1 1 1 1 1 1 0 0 0 1 0 0 0 0 0 1 0 0 0 0 0 1 0 1 0 0 1 1 0 1 
0 0 0 0 1 1 1 1 1 1 0 0 1 0 1 0 0 0 1 1 0 0 1 0 1 1 0 1 0 1 
0 1 1 0 0 0 0 0 1 1 0 0 1 1 0 0 1 0 1 1 0 0 1 1 0 1 0 1 0 1 
1 0 0 0 0 1 1 0 0 0 0 1 1 1 1 0 1 1 1 1 0 0 1 0 0 0 0 1 0 1 
1 1 1 0 0 0 1 1 1 1 1 1 1 1 0 1 1 1 0 0 1 1 1 0 1 1 0 0 1 0 
1 1 1 1 1 0 0 1 1 1 1 0 1 0 0 0 1 1 0 1 1 0 0 1 0 1 1 1 0 0 
1 1 0 0 0 1 1 0 1 0 0 1 1 0 0 0 0 1 0 0 0 0 0 0 0 0 0 0 1 1 
0 1 1 1 1 0 0 1 0 0 1 1 1 1 0 0 0 1 1 1 0 0 1 0 1 0 0 0 1 0 
1 0 0 0 0 1 1 1 1 0 1 1 1 0 1 0 0 1 1 1 1 0 1 1 0 1 0 0 0 0 
1 1 0 0 0 1 0 0 0 0 0 0 1 0 0 0 1 0 0 0 0 0 1 1 0 0 1 1 1 1 
0 1 0 0 1 1 1 0 1 1 1 0 0 0 0 0 1 0 1 0 0 0 0 1 1 0 1 1 1 0 
1 0 0 0 0 0 1 1 0 1 1 0 1 1 1 0 0 1 0 1 1 1 1 1 1 1 1 0 1 1 
1 0 1 1 1 0 0 0 0 1 0 0 0 1 1 0 0 1 0 1 0 1 1 1 1 1 1 1 1 0 
1 1 0 1 0 1 0 0 0 0 0 1 0 0 0 1 1 0 1 1 1 0 1 1 1 1 0 0 1 1 
1 0 0 0 1 1 1 1 0 0 1 1 0 1 0 0 1 1 1 0 1 1 0 0 1 0 0 1 1 0 
1 0 1 1 1 1 1 1 1 0 0 0 0 1 1 1 0 0 0 1 1 0 0 1 1 0 1 0 1 1 
0 1 0 0 1 1 1 0 0 1 0 1 0 1 0 0 0 0 1 0 1 0 1 0 1 1 0 1 0 0 
1 1 0 1 1 0 0 0 1 0 1 0 0 0 1 0 0 0 0 0 1 0 1 1 1 1 1 0 0 1 
0 1 0 0 1 0 1 0 0 0 1 1 0 1 0 0 1 1 1 1 1 1 0 0 0 1 1 0 0 1 
1 0 1 1 1 1 1 0 1 0 1 0 1 0 1 1 1 1 0 1 0 1 0 0 1 1 0 0 1 1 
0 1 1 0 1 1 1 1 0 1 1 0 0 1 1 0 1 1 1 0 1 1 1 0 0 0 1 1 0 1 
