30 90 7
221.0 350.0 257.0 159.0 313.0 384.0 325.0 194.0 264.0 263.0 219.0 283.0 251.0 248.0 252.0 270.0 248.0 197.0 238.0 226.0 248.0 228.0 251.0 261.0 283.0 236.0 263.0 214.0 201.0 269.0 
4.1 4.1 3.6 4.1 3.1 3.5 4.3 5.2 3.5 3.7 3.9 3.8 4.2 2.6 2.4 4.1 3.3 3.6 5.0 4.1 4.6 3.3 4.3 3.6 3.9 2.7 3.1 3.1 3.1 2.8 2.2 3.4 3.2 3.4 3.7 2.4 5.1 3.4 3.0 2.2 2.7 3.5 5.1 4.7 1.3 3.1 3.5 3.5 3.3 2.6 4.4 4.1 2.8 4.2 2.8 4.0 2.0 3.5 4.1 4.6 2.4 4.7 4.3 3.9 4.2 3.5 4.4 2.5 3.4 3.9 3.2 3.9 3.1 2.3 3.8 3.8 4.2 2.9 3.9 4.5 3.9 3.6 3.3 4.0 4.0 4.0 2.6 2.9 3.1 3.2 
1 1 1 0 0 1 1 1 1 1 0 1 1 0 0 0 1 0 0 1 0 0 0 1 0 1 0 0 1 0 1 1 0 1 0 0 0 1 1 0 0 1 1 1 1 1 0 1 1 1 1 0 1 1 1 0 1 0 1 1 0 1 1 1 1 1 0 0 1 1 0 1 0 0 0 0 0 0 0 1 1 1 0 1 1 0 1 1 0 1 
0 0 1 1 0 1 0 0 0 1 1 1 0 0 0 1 1 1 0 0 1 0 1 1 0 0 0 1 0 1 0 0 1 1 1 1 1 0 0 1 1 1 0 1 1 0 1 0 1 0 1 1 1 1 1 0 1 1 0 1 1 1 0 1 1 0 1 1 1 0 1 1 0 1 0 0 0 1 1 1 1 1 0 1 1 0 0 0 0 0 
0 0 1 1 0 1 0 0 1 1 1 1 0 1 1 0 1 0 1 1 0 0 0 0 1 1 0 0 1 1 0 0 1 1 0 0 0 0 1 1 0 0 1 0 0 0 0 0 0 0 1 0 1 0 0 0 0 1 0 1 0 0 1 0 0 1 1 0 0 1 0 1 1 1 0 0 0 0 0 1 1 0 0 1 1 0 1 1 0 1 
1 1 0 1 0 1 1 1 1 0 0 1 0 1 0 1 0 1 1 0 1 0 1 0 0 0 0 1 0 0 0 0 0 0 0 0 1 1 1 1 0 0 1 0 1 0 1 1 1 0 0 1 1 0 0 1 0 0 0 0 1 1 0 0 0 0 0 1 1 0 1 0 0 0 1 0 1 1 0 1 0 0 0 0 0 1 0 0 0 1 
0 0 1 1 1 0 1 0 0 1 0 0 1 1 1 0 0 0 1 1 0 0 0 0 1 1 0 0 0 1 1 1 1 0 1 1 1 0 1 1 1 1 0 0 0 1 0 1 0 0 0 0 0 0 0 0 0 1 1 1 1 0 0 1 1 1 0 0 0 1 0 1 1 1 1 0 1 1 1 1 0 1 1 1 1 1 0 0 0 0 
1 0 0 1 0 1 1 0 0 1 0 1 1 0 0 0 1 1 1 1 0 1 1 1 1 1 1 1 1 1 0 1 0 1 0 0 1 0 0 0 0 1 0 1 1 0 1 0 1 1 0 1 0 1 0 0 0 1 0 1 0 1 0 1 1 1 1 1 1 1 0 0 1 1 0 1 0 1 0 0 0 0 1 0 1 1 0 0 1 0 
0 0 1 0 0 1 0 0 0 1 0 0 0 0 0 0 0 1 1 1 0 0 0 0 1 1 1 0 0 0 1 0 0 0 0 0 0 0 1 1 1 1 1 0 1 1 0 1 1 1 1 1 1 0 1 0 0 0 0 1 0 0 0 1 0 0 0 0 0 1 1 1 0 0 0 1 1 1 1 1 1 1 0 1 0 0 0 0 1 0 
1 1 1 1 0 0 0 1 0 1 0 1 1 1 0 0 0 1 0 0 0 1 0 1 0 1 0 0 0 0 0 1 1 0 0 0 0 0 0 1 0 0 1 0 0 1 1 1 0 1 1 1 1 1 1 0 1 1 0 1 1 1 1 1 1 1 0 0 0 0 1 0 1 1 1 0 0 0 1 0 1 0 0 0 1 1 1 0 0 1 
1 0 1 0 1 0 1 1 1 1 1 0 0 0 0 0 1 1 1 0 0 0 0 0 1 1 1 0 1 0 1 1 1 0 1 1 0 0 1 0 0 0 0 0 0 0 1 1 0 0 1 0 1 0 0 1 0 1 1 1 1 1 0 1 1 1 1 1 0 1 0 1 1 1 0 1 1 1 0 0 0 0 1 1 0 1 0 0 0 0 
0 1 1 1 0 1 1 0 1 0 0 0 1 0 1 0 0 0 1 1 0 1 1 0 0 1 1 0 0 1 1 1 0 0 1 1 1 1 0 1 0 1 0 0 0 1 1 0 0 1 1 1 0 0 0 1 1 1 0 0 1 1 0 1 1 1 0 0 1 0 1 1 0 1 1 0 0 0 0 1 0 0 1 1 0 0 1 0 1 0 
0 0 1 0 1 1 0 0 1 1 1 1 1 0 1 0 0 0 1 1 1 1 0 1 1 0 1 1 1 0 0 1 0 0 0 0 0 0 0 0 0 0 1 0 1 0 1 1 0 1 0 1 1 1 1 0 1 0 0 1 1 0 1 1 0 1 1 1 0 0 1 0 0 0 1 0 1 1 0 1 0 1 1 0 0 0 0 0 1 0 
1 0 1 0 0 0 0 1 1 0 0 0 0 1 1 1 1 0 1 1 1 0 0 1 0 1 1 1 0 0 0 0 1 1 1 0 1 1 0 1 0 1 0 1 1 0 1 1 0 0 0 1 0 0 0 1 1 1 1 0 0 0 0 1 0 0 0 1 1 0 0 1 1 0 1 0 1 0 0 1 1 0 0 1 0 1 0 1 1 0 
1 1 0 0 0 1 1 0 1 1 0 1 0 1 1 1 1 1 1 1 0 0 1 0 0 1 1 0 1 1 1 0 1 0 0 0 1 1 1 1 1 1 0 1 1 1 1 0 1 1 1 1 0 1 1 0 1 1 1 1 1 0 1 1 0 0 1 0 0 0 1 0 1 0 0 0 1 0 0 1 1 0 0 1 1 1 1 1 1 0 
1 0 1 0 1 0 1 1 1 0 1 0 1 0 0 0 1 0 0 0 0 1 1 0 0 1 0 0 1 0 0 0 0 0 0 0 0 1 1 0 0 1 1 1 1 0 0 1 1 1 1 1 1 1 1 1 1 1 0 0 0 1 1 0 1 0 1 1 1 0 1 0 0 1 1 0 1 0 0 1 1 0 0 0 0 0 1 1 1 0 
0 1 1 1 1 1 1 1 0 1 0 0 0 0 1 0 0 1 1 0 0 1 0 0 0 1 0 1 1 0 1 1 1 0 1 0 1 1 0 0 1 0 0 0 1 1 1 1 1 0 1 0 1 1 0 0 1 1 0 0 1 1 0 1 0 0 1 0 0 0 0 0 1 1 0 1 0 1 0 1 0 1 0 1 0 0 0 0 0 0 
0 1 0 0 0 0 1 0 0 0 0 0 0 1 0 0 1 1 0 0 1 0 1 0 1 1 0 0 1 0 1 1 1 1 0 0 0 0 0 0 0 1 1 1 1 1 0 1 0 1 1 0 0 0 0 0 1 1 0 1 1 1 1 1 0 1 0 1 0 0 1 0 1 1 0 1 0 1 1 1 0 1 0 1 0 1 0 1 0 1 
0 0 1 1 0 1 1 0 1 1 0 0 0 1 1 1 0 0 1 0 1 1 0 0 1 0 0 1 1 1 0 1 1 1 0 1 1 1 1 1 0 0 0 0 1 0 1 0 0 0 1 1 0 1 0 1 1 0 0 1 1 0 1 1 0 1 0 0 1 1 1 0 1 1 1 1 1 1 1 0 1 1 1 1 0 1 0 0 0 1 
1 0 0 0 1 1 1 0 1 1 0 0 0 0 1 0 0 1 0 0 1 0 0 0 1 1 0 1 0 1 1 0 0 1 0 0 0 0 0 1 0 0 0 1 0 0 0 0 0 0 1 0 1 0 0 1 1 0 0 0 1 1 1 1 1 1 1 1 1 0 0 1 0 1 0 0 1 1 0 0 0 0 1 0 0 0 1 1 0 0 
0 0 0 1 0 0 1 1 0 0 1 1 0 0 1 1 1 1 0 0 1 1 0 1 0 1 1 0 0 1 0 0 1 1 1 0 1 0 0 1 1 0 0 0 1 1 0 0 0 0 0 0 0 1 1 0 0 0 1 1 1 0 1 0 0 0 1 0 0 1 1 1 1 1 0 0 1 0 1 0 1 0 0 1 1 1 1 0 0 0 
1 1 0 1 1 0 0 1 1 1 0 0 1 0 0 1 1 1 0 1 0 0 1 0 0 0 1 0 1 0 0 1 1 1 0 0 0 0 1 1 0 0 0 0 1 0 1 1 0 1 0 0 0 0 0 1 1 1 1 0 0 1 0 0 0 0 1 0 0 0 0 0 1 0 0 0 1 1 1 1 0 1 1 1 1 0 1 1 0 0 
0 1 1 1 1 0 0 0 1 1 1 0 1 1 0 1 0 1 0 1 1 1 1 1 0 1 0 1 1 0 1 0 0 1 1 1 1 1 0 0 1 1 0 1 1 1 1 0 0 1 0 1 0 1 1 1 0 1 1 1 0 1 1 1 0 1 1 0 1 0 1 0 1 0 0 0 1 1 1 0 0 0 0 1 0 0 1 0 0 0 
1 0 0 0 1 1 0 0 0 0 0 1 1 0 1 1 0 1 1 0 0 0 1 1 0 1 1 1 1 1 1 1 1 0 0 0 1 1 1 0 0 0 1 0 0 1 1 0 0 1 0 1 0 0 0 0 1 1 1 0 1 1 1 1 0 0 0 0 0 0 1 0 1 1 1 1 1 0 1 0 1 0 1 0 0 0 0 1 0 1 
0 0 1 1 1 0 0 0 1 0 0 1 1 1 1 1 0 1 0 1 1 0 1 1 0 0 1 1 0 0 0 0 0 1 0 0 1 0 0 0 1 1 1 0 0 0 0 0 0 1 0 0 1 0 1 1 1 0 1 0 1 1 1 1 0 0 1 1 0 1 1 1 1 1 0 1 0 1 1 0 0 0 1 1 1 1 1 1 1 0 
1 1 1 1 1 0 0 1 1 1 1 0 0 0 1 0 1 0 0 1 1 1 0 0 0 0 1 0 1 0 1 0 1 0 0 0 1 0 1 1 1 1 0 1 1 0 1 1 0 0 0 1 1 0 0 0 0 1 1 1 1 1 1 1 0 0 1 1 0 1 0 1 0 0 0 1 0 1 0 0 0 1 0 1 0 0 0 0 1 0 
0 1 1 1 1 1 1 0 1 0 1 1 1 0 1 0 0 1 1 0 1 1 1 0 1 0 1 0 1 1 0 0 1 0 0 1 0 0 0 1 1 1 1 0 1 1 1 0 0 0 0 1 1 1 0 0 0 1 0 1 1 0 1 0 1 1 0 1 0 0 1 1 1 0 1 0 1 0 1 1 1 1 0 0 0 0 1 1 0 1 
0 0 0 0 1 0 1 1 1 0 0 1 1 1 0 0 1 0 1 1 1 1 1 1 0 0 1 1 1 1 0 1 0 0 0 1 1 0 1 1 0 1 1 0 0 0 1 1 1 0 0 1 0 0 1 0 0 1 1 1 1 1 0 1 1 1 1 0 1 0 0 1 0 1 1 1 0 1 0 1 1 0 1 1 1 0 0 0 1 0 
1 1 0 0 1 0 1 0 0 0 1 0 0 1 1 1 0 0 1 0 0 0 0 0 1 1 1 1 1 0 0 0 0 0 0 1 0 1 1 0 1 0 1 1 1 1 1 0 1 0 0 0 0 1 1 0 1 1 1 1 1 1 0 0 0 0 0 1 0 1 0 0 0 0 0 0 0 1 0 0 0 0 0 0 1 0 0 0 1 0 
1 0 0 1 0 0 1 0 1 1 0 0 0 1 0 0 1 0 0 1 0 1 1 0 1 0 1 1 0 0 1 1 0 1 1 0 1 0 1 1 0 0 1 1 1 0 0 0 0 1 0 1 1 1 0 1 1 1 1 0 0 0 0 1 1 1 1 0 0 1 1 1 1 0 0 1 0 1 1 1 0 0 1 0 1 0 1 0 0 0 
1 0 0 1 0 0 0 0 1 0 1 1 0 1 1 1 1 0 0 1 0 1 0 0 0 0 0 1 0 1 1 0 1 1 1 0 1 0 1 1 1 1 0 1 0 1 0 1 0 1 0 1 1 1 1 0 1 1 0 0 1 1 0 1 0 0 0 1 0 0 0 1 1 1 1 1 0 1 0 0 1 1 0 0 0 0 1 0 0 0 
0 0 1 1 1 1 1 1 0 1 1 0 0 1 1 0 1 0 0 1 1 0 1 1 0 0 0 1 1 0 0 1 0 1 1 0 1 1 0 0 1 0 1 0 1 0 1 1 0 0 1 1 1 1 1 0 1 0 1 0 1 1 1 1 0 0 1 0 0 0 0 1 0 1 0 0 1 0 1 1 1 0 0 0 1 1 1 1 0 1 
