30 30 6
240.0 227.0 279.0 348.0 270.0 207.0 300.0 256.0 244.0 221.0 275.0 195.0 215.0 329.0 218.0 259.0 264.0 183.0 292.0 174.0 359.0 268.0 205.0 308.0 261.0 286.0 222.0 214.0 284.0 295.0 
4.7 1.6 2.2 2.8 3.8 3.4 2.1 2.9 2.0 4.7 4.0 3.9 2.3 2.8 2.7 3.6 3.0 2.4 2.5 2.9 3.6 2.3 2.8 2.5 2.7 3.2 2.5 3.0 1.6 2.0 
0 0 1 0 1 1 1 1 1 0 1 0 1 1 0 0 1 1 0 1 1 1 1 1 0 0 1 1 0 1 
0 1 1 1 1 1 1 1 1 1 1 1 1 0 0 1 1 0 1 0 1 0 0 0 1 0 1 0 0 1 
1 1 0 1 1 1 1 0 0 0 1 1 0 1 1 0 1 1 0 0 0 1 0 1 1 1 0 1 0 0 
0 0 1 1 0 0 1 0 1 1 0 1 1 0 0 1 1 1 0 1 0 1 0 0 0 1 0 1 1 1 
1 1 0 1 0 0 0 0 0 0 0 1 0 0 1 0 1 0 0 1 0 0 0 0 0 0 1 0 1 1 
1 0 0 0 0 1 1 1 0 0 1 1 0 0 1 1 0 0 1 1 1 1 1 1 1 0 1 1 0 0 
0 0 0 1 0 1 1 0 1 1 1 0 1 0 1 1 0 1 1 1 0 0 1 1 0 1 1 1 1 0 
0 0 0 1 1 0 0 1 1 1 1 0 0 0 0 0 1 1 1 0 1 1 0 1 1 1 1 0 0 0 
0 0 1 0 1 0 1 1 1 1 1 1 1 0 0 1 1 1 0 1 1 1 0 0 1 0 1 0 1 1 
0 1 1 1 1 0 0 0 1 0 0 0 0 0 1 0 1 1 0 0 0 1 0 1 1 1 1 1 0 1 
0 1 0 1 1 1 0 1 1 1 0 1 0 1 0 1 0 0 0 1 1 1 0 0 1 0 0 0 1 0 
1 1 1 1 0 0 1 0 1 1 1 0 1 0 0 0 1 0 1 1 0 1 0 1 0 1 1 0 1 1 
1 1 0 0 0 1 1 1 1 0 0 1 1 0 1 0 0 0 0 1 0 1 0 1 0 1 0 0 1 1 
0 0 1 0 0 1 0 0 0 1 1 0 1 0 0 0 1 0 1 0 1 0 0 1 0 1 0 1 0 0 
0 1 0 0 1 0 1 1 1 1 1 1 0 1 0 1 1 1 1 1 1 1 0 1 0 1 1 1 0 1 
0 1 0 0 1 1 0 0 1 1 1 1 1 1 1 0 1 0 0 1 0 1 0 1 0 1 0 1 0 1 
1 1 0 1 1 0 1 1 0 0 1 0 1 0 0 1 0 0 1 0 0 1 1 1 0 1 0 1 0 1 
0 1 1 1 1 0 0 0 0 0 0 0 1 1 1 1 0 0 1 0 0 0 0 1 1 1 1 1 0 1 
1 0 1 1 0 0 1 1 1 1 1 0 1 0 0 1 1 0 1 0 0 0 1 0 0 1 0 1 1 0 
1 0 1 1 0 0 0 0 0 1 1 1 1 0 0 0 0 1 1 1 1 1 0 0 1 0 0 0 0 0 
0 0 1 1 0 0 1 1 1 1 0 0 0 1 0 0 0 1 1 1 0 0 0 1 0 0 0 0 1 1 
0 0 1 1 1 1 0 1 1 0 0 1 0 0 1 1 0 1 0 0 1 0 1 1 0 1 1 1 1 0 
0 0 1 1 1 0 0 0 0 1 1 0 1 1 0 1 1 0 1 0 1 1 0 0 1 0 0 1 0 1 
1 1 0 0 1 1 1 0 1 1 0 1 0 0 1 1 0 0 1 1 1 0 0 0 0 0 0 1 0 0 
1 1 1 0 0 0 1 1 0 0 0 0 1 0 1 0 1 0 0 1 1 0 1 1 0 1 0 0 1 1 
1 1 0 1 1 0 1 0 0 1 0 0 1 1 0 1 1 1 1 1 1 0 0 1 1 1 1 0 1 1 
0 0 0 0 0 0 0 0 0 0 0 0 0 1 1 0 1 0 0 1 0 1 1 0 0 1 0 1 1 1 
1 1 0 1 1 0 1 1 1 1 0 1 0 0 1 1 0 0 1 0 0 0 0 0 1 1 1 1 0 1 
1 0 1 1 1 0 0 1 1 0 1 0 1 1 0 0 1 1 0 0 0 0 1 0 1 1 1 0 1 0 
0 1 0 0 0 0 1 0 1 1 1 1 1 1 1 1 0 0 0 0 0 0 1 0 1 0 1 1 0 0 
