50 30 7
264.0 220.0 189.0 351.0 193.0 241.0 245.0 247.0 228.0 277.0 212.0 188.0 248.0 253.0 184.0 225.0 211.0 252.0 301.0 272.0 233.0 222.0 284.0 131.0 245.0 246.0 235.0 242.0 245.0 274.0 238.0 214.0 209.0 240.0 228.0 216.0 265.0 194.0 223.0 212.0 176.0 193.0 250.0 340.0 292.0 288.0 193.0 307.0 134.0 257.0 
3.9 3.5 5.1 4.7 3.3 3.3 4.6 3.5 3.5 3.2 3.4 3.9 4.1 1.9 4.3 3.7 3.9 5.0 3.9 4.3 4.6 4.7 2.2 3.2 5.0 2.4 3.1 2.2 2.7 3.2 
0 1 1 1 0 1 0 1 1 0 0 0 1 0 0 0 1 1 0 0 0 0 1 0 1 1 0 1 0 1 
1 0 0 1 0 1 1 0 1 1 0 1 1 1 0 0 0 1 1 0 0 1 0 1 0 0 1 0 0 1 
1 1 1 0 0 0 1 1 0 0 0 1 0 1 0 0 1 1 0 0 0 1 0 1 0 0 1 1 0 1 
0 0 1 1 0 1 1 1 0 1 1 0 0 0 1 0 1 1 0 1 0 0 1 0 1 0 0 0 0 1 
0 1 0 1 0 1 1 1 0 1 0 1 1 1 0 0 1 1 0 0 1 0 0 1 1 0 0 0 1 0 
1 0 1 1 0 0 0 0 0 0 0 1 0 0 0 0 1 1 1 1 1 1 0 1 0 0 1 0 0 1 
1 1 1 1 1 1 1 0 0 1 0 0 1 0 1 0 1 0 1 1 1 0 1 0 0 0 1 0 0 0 
1 0 0 0 1 0 0 1 1 1 0 1 0 1 0 0 1 0 0 1 0 0 1 1 1 0 0 0 1 0 
1 0 0 0 0 0 0 1 0 1 0 1 1 1 1 1 0 1 0 0 1 1 0 1 0 0 0 0 0 1 
0 1 0 0 0 1 0 0 0 1 0 1 0 1 0 0 1 0 1 0 1 1 1 0 0 0 0 1 1 1 
0 1 1 0 1 0 0 1 0 1 1 1 0 1 0 1 1 1 0 0 0 0 1 0 1 1 1 0 1 1 
1 0 1 0 0 1 0 1 1 0 0 0 0 0 1 0 1 1 1 1 0 1 0 0 1 1 0 1 0 0 
0 1 0 0 0 0 1 1 0 0 0 0 1 0 1 1 0 1 0 0 0 1 1 1 1 1 1 1 0 0 
0 0 0 0 0 0 1 1 0 0 0 0 0 1 1 1 1 1 0 1 0 0 0 1 1 0 1 0 1 0 
0 1 0 0 1 0 0 1 1 0 1 1 1 1 0 0 0 0 1 0 1 0 0 1 0 0 1 1 0 0 
1 1 0 1 1 0 1 1 1 0 0 1 0 1 1 0 0 0 0 0 0 0 0 0 1 1 0 0 1 0 
0 1 1 0 0 0 0 0 1 0 0 1 1 0 1 0 1 1 0 1 0 1 1 1 0 1 1 0 1 1 
0 1 1 1 0 1 1 0 0 1 1 0 1 1 1 1 0 1 1 1 1 0 1 0 0 1 0 1 0 0 
0 1 0 0 1 1 1 0 0 1 1 0 1 0 1 1 1 1 0 1 0 1 1 0 0 0 1 1 1 0 
0 1 1 0 0 0 1 1 1 1 1 0 1 1 1 0 1 0 1 0 1 1 0 1 1 1 1 1 0 0 
0 0 0 0 1 1 1 1 1 1 0 1 1 0 1 1 1 1 0 0 0 0 1 1 1 1 1 0 0 1 
1 1 1 0 0 0 0 1 0 0 1 1 0 0 0 1 1 0 1 1 1 1 0 0 0 1 1 0 1 0 
1 0 1 0 0 0 1 1 1 0 1 0 1 0 0 0 1 1 1 0 1 1 0 1 0 1 0 1 1 0 
0 0 0 0 0 0 0 0 0 1 1 0 0 1 1 0 1 0 1 1 0 0 1 0 1 1 0 1 0 0 
0 1 0 0 0 1 1 0 1 1 1 0 0 0 0 0 0 0 1 1 1 1 1 0 0 1 0 1 1 0 
1 1 0 1 1 0 1 0 1 0 0 0 1 0 0 1 0 1 1 1 1 0 0 0 1 1 1 0 0 0 
1 1 0 0 1 0 1 1 1 0 0 1 0 0 0 0 0 0 1 0 1 0 0 1 0 0 0 0 0 1 
0 1 0 0 1 1 0 1 0 0 0 1 1 1 1 1 0 1 0 0 1 1 0 0 0 0 1 0 1 1 
1 1 1 1 1 1 0 1 0 1 1 1 0 0 1 1 0 0 0 1 1 0 1 1 1 1 0 1 0 0 
0 0 1 0 0 0 0 0 1 1 0 0 0 1 0 0 1 0 1 1 1 1 1 0 1 0 1 0 0 1 
1 0 0 1 0 1 0 0 1 0 0 1 1 0 1 0 0 1 1 0 0 1 1 0 0 1 0 1 1 1 
0 1 1 0 0 1 1 1 0 0 1 1 1 0 1 1 1 1 0 1 1 0 0 1 1 0 1 1 0 1 
1 0 1 1 0 1 0 0 0 0 1 1 1 0 0 0 1 1 0 1 1 0 0 0 1 1 0 1 0 1 
0 0 0 0 1 1 1 1 1 0 1 1 1 1 1 1 0 1 1 1 1 1 0 1 0 0 0 0 0 0 
1 0 1 0 1 1 1 0 1 1 1 1 0 1 0 0 1 1 1 0 1 1 0 1 0 1 0 1 0 1 
1 0 0 0 0 1 0 1 1 0 0 0 1 0 1 0 0 1 0 0 1 0 1 1 1 1 1 1 0 1 
1 0 0 1 0 0 0 0 0 0 1 0 1 1 1 1 1 1 0 0 1 0 0 1 1 1 1 1 1 0 
1 1 0 1 0 0 1 1 0 1 1 1 1 0 0 0 1 1 1 0 1 0 1 1 1 1 1 1 0 0 
0 1 0 1 0 0 0 0 0 0 0 0 0 1 0 0 0 1 1 1 1 0 0 0 0 0 1 0 0 1 
0 1 1 1 0 1 0 0 1 1 1 1 1 0 0 1 0 0 0 0 0 0 0 0 0 1 0 0 0 0 
1 0 0 1 0 1 1 0 0 0 1 1 0 0 0 1 0 0 0 1 1 0 1 1 0 0 0 1 1 1 
0 1 0 0 1 0 0 0 1 1 0 1 1 1 1 1 0 1 0 0 1 1 0 1 0 1 1 1 1 1 
1 1 1 1 0 0 1 0 1 1 0 1 1 1 1 1 0 0 1 1 0 0 0 0 0 1 0 0 1 0 
0 0 1 1 1 0 1 1 0 1 0 0 0 1 0 1 0 1 0 1 0 1 1 1 1 1 1 0 0 0 
1 1 1 1 1 1 1 1 0 1 1 0 0 0 1 1 1 1 1 1 0 1 0 0 0 1 0 1 1 0 
0 0 1 0 1 1 0 0 1 1 0 0 1 1 0 1 0 0 1 1 0 1 0 1 1 1 1 1 1 1 
0 1 0 1 1 1 0 1 0 1 1 1 1 0 0 1 1 0 1 0 1 1 1 1 0 1 0 0 0 1 
1 1 0 0 1 1 1 1 0 1 1 0 1 1 0 1 0 1 0 1 0 1 1 0 0 1 0 0 0 0 
0 0 1 0 0 1 1 0 0 0 0 1 1 0 0 1 1 0 1 1 1 1 1 1 1 0 1 0 0 0 
1 0 0 0 1 1 0 1 1 0 0 1 1 1 0 1 0 1 0 1 1 1 1 1 1 1 0 0 1 1 
