50 50 7
265.0 164.0 232.0 222.0 161.0 221.0 336.0 135.0 165.0 213.0 306.0 226.0 207.0 239.0 337.0 221.0 251.0 243.0 255.0 283.0 188.0 264.0 222.0 309.0 244.0 264.0 260.0 274.0 292.0 324.0 319.0 301.0 277.0 193.0 287.0 222.0 255.0 331.0 320.0 181.0 251.0 197.0 240.0 227.0 250.0 228.0 325.0 320.0 246.0 294.0 
4.2 2.7 5.1 2.7 3.7 4.0 3.1 2.9 2.7 3.1 3.8 3.1 3.3 2.7 4.4 4.0 4.2 5.9 3.6 2.9 4.2 4.1 4.2 3.2 5.1 2.0 2.5 4.6 3.3 3.3 2.9 3.8 2.3 2.9 3.5 4.8 3.1 2.8 5.3 4.6 4.0 3.3 3.6 4.5 4.3 2.4 4.2 3.0 4.2 1.6 
0 0 0 0 0 0 1 1 0 1 0 0 1 0 0 1 1 1 1 1 1 0 1 1 0 0 0 0 0 1 0 0 1 1 0 1 0 1 1 1 1 1 1 0 1 0 0 0 1 1 
1 1 0 0 0 0 0 1 1 1 1 0 1 0 1 0 0 0 0 0 1 1 1 0 1 0 0 1 1 0 1 1 0 0 0 1 0 0 1 0 1 0 0 0 0 1 1 0 1 0 
0 1 0 1 1 1 0 0 1 1 1 0 1 1 1 0 1 0 0 1 0 0 0 0 1 1 1 1 0 1 0 0 1 0 0 0 0 0 0 0 0 1 0 0 0 0 0 0 0 0 
1 0 1 1 0 1 1 0 1 1 0 1 0 0 1 1 1 1 1 0 0 1 0 0 1 0 1 1 0 0 0 1 0 1 1 0 0 1 1 1 0 0 0 1 0 0 1 0 0 1 
1 1 0 0 0 0 1 0 1 1 0 1 1 1 0 0 1 0 0 0 1 0 0 0 0 1 1 1 1 0 1 1 0 1 1 0 0 0 0 0 1 1 1 1 1 0 0 0 1 0 
0 0 1 0 0 1 0 1 0 0 0 0 0 1 1 1 0 0 1 1 0 0 0 1 0 1 0 1 1 0 0 1 1 0 1 1 1 0 0 0 0 1 1 0 0 0 0 0 0 0 
0 0 0 1 1 0 0 1 1 0 1 0 1 0 1 0 0 0 0 0 1 0 0 1 1 1 0 1 1 1 0 1 0 1 1 0 0 1 1 0 1 1 0 1 1 0 0 0 0 0 
0 0 0 0 1 0 1 1 1 1 1 1 0 0 1 1 1 0 0 1 0 0 1 0 1 1 1 0 1 0 1 1 1 1 1 0 1 0 0 0 0 1 1 0 0 0 0 1 1 1 
1 0 0 0 0 1 0 1 1 1 0 1 1 0 1 1 1 1 0 0 1 0 1 1 1 1 1 0 0 0 0 0 1 1 0 1 0 0 0 1 0 1 1 1 0 0 0 1 0 1 
0 0 1 0 0 1 1 1 1 0 0 0 0 1 0 0 1 0 1 1 0 1 1 1 0 0 1 1 1 1 0 0 0 1 0 0 0 1 1 1 1 1 1 1 0 1 0 0 1 0 
1 1 1 1 1 1 0 1 1 0 1 1 0 0 1 0 0 0 0 1 0 1 1 0 0 0 1 0 1 0 1 0 1 0 1 1 0 0 0 0 0 0 1 0 1 1 0 1 0 0 
0 1 1 0 0 0 1 0 0 1 1 1 0 0 1 1 0 1 1 0 1 1 0 0 1 1 0 1 0 0 0 1 0 0 0 1 1 1 0 0 0 0 0 1 0 0 0 0 1 0 
1 1 1 1 1 1 0 0 1 1 0 1 0 1 0 1 1 0 1 1 1 1 1 1 0 0 1 0 1 0 0 1 0 0 0 1 0 0 1 0 0 0 1 0 0 1 0 1 0 1 
1 1 0 1 1 0 0 0 0 0 1 1 0 0 0 0 1 1 1 0 0 0 1 0 0 0 0 1 1 1 0 1 1 0 1 1 1 1 1 1 1 1 1 0 1 0 0 1 0 0 
1 1 1 1 1 0 0 1 0 1 0 0 0 0 0 1 1 1 0 0 1 1 1 1 1 0 1 0 0 1 1 1 1 0 0 0 0 0 1 1 0 0 1 1 0 1 0 1 1 0 
1 1 0 1 0 0 1 0 0 1 1 1 0 0 0 1 1 1 0 0 0 1 0 1 0 0 0 1 0 1 1 1 0 1 1 0 0 1 0 1 1 0 0 0 1 1 1 1 1 1 
1 0 1 1 0 1 0 0 1 0 0 1 0 0 0 0 1 0 1 0 0 1 1 0 1 0 0 1 0 1 0 0 0 1 1 0 0 0 0 1 0 1 0 0 0 1 0 0 1 0 
1 1 1 1 1 1 1 1 1 1 0 1 1 1 1 0 1 1 1 1 0 1 0 1 1 0 1 1 0 0 1 0 0 0 1 1 1 0 1 0 1 0 0 0 1 1 1 0 0 1 
0 0 0 1 1 0 0 0 0 0 1 0 1 1 0 1 1 1 0 1 0 0 1 1 1 0 0 1 0 0 0 0 1 0 1 1 1 1 1 1 1 1 0 1 1 1 1 0 0 0 
0 0 0 0 0 0 0 1 1 0 0 1 1 1 1 1 1 0 1 0 0 0 1 1 0 0 0 1 1 1 0 1 0 0 0 0 1 0 0 0 0 0 1 1 1 1 0 1 1 1 
1 1 1 1 0 0 0 1 1 1 1 1 0 1 1 0 0 1 1 0 1 0 1 1 0 1 0 1 1 1 0 0 0 1 1 1 0 0 0 0 0 1 1 1 1 0 1 1 0 1 
1 1 0 1 0 1 0 1 0 1 1 0 0 1 0 1 1 0 0 0 1 0 1 1 0 0 1 0 0 1 1 0 0 1 0 1 1 0 0 1 1 0 1 1 1 0 1 0 1 1 
0 1 1 0 0 1 1 0 1 0 0 1 1 1 1 0 0 0 0 1 1 0 1 0 1 0 1 0 1 0 1 1 0 1 1 1 0 1 0 0 0 1 1 0 0 0 0 1 0 1 
1 1 1 1 0 1 0 1 0 0 1 1 0 0 0 0 1 1 1 1 1 1 1 1 1 0 1 1 1 0 1 0 0 0 1 0 1 1 0 0 1 0 0 1 1 1 1 1 0 1 
1 0 0 1 0 1 1 0 1 1 1 0 0 1 1 1 1 0 0 0 0 1 1 1 0 0 0 0 0 0 1 1 1 0 1 0 1 0 1 1 0 0 1 1 0 0 1 0 1 0 
0 0 1 0 1 0 0 0 0 1 1 1 1 1 1 0 0 1 1 0 1 0 0 1 0 1 1 0 0 0 0 1 0 1 0 1 1 0 0 0 1 1 0 0 0 0 1 1 0 0 
0 0 0 1 0 0 1 1 0 1 0 0 1 0 1 0 0 1 1 0 0 0 0 0 0 1 0 1 1 1 0 1 1 0 0 0 1 1 1 0 0 0 0 1 0 1 0 0 0 0 
0 0 0 1 1 0 1 0 0 1 1 0 1 1 1 1 1 0 1 1 0 1 0 1 1 1 1 0 1 0 0 1 0 0 1 1 1 1 1 0 1 1 0 1 1 0 1 1 0 1 
1 1 0 1 0 0 0 0 0 1 0 1 0 0 0 1 1 1 0 1 0 0 1 0 0 0 1 0 1 1 0 1 1 1 0 0 1 0 1 0 1 0 0 0 1 0 0 0 1 1 
0 1 0 1 0 1 0 0 1 1 1 1 1 1 1 1 0 1 0 0 0 0 0 1 0 1 1 0 0 1 1 0 1 1 1 0 1 1 1 1 1 0 0 1 0 0 0 1 1 0 
1 1 0 1 0 0 1 1 1 0 1 1 0 0 0 0 1 1 1 0 0 1 0 0 1 0 1 1 1 1 0 1 0 1 0 1 0 1 1 1 1 1 0 0 0 1 1 1 0 0 
1 1 1 0 1 1 1 1 1 0 1 1 1 1 1 0 0 0 1 0 1 0 0 1 0 0 1 1 1 0 0 0 1 0 0 0 0 1 0 1 0 1 1 0 1 1 0 0 1 0 
0 0 1 0 0 0 1 0 1 0 1 0 1 1 1 1 0 1 1 0 1 1 0 1 1 1 0 1 1 0 0 1 1 0 0 0 0 0 0 0 1 0 1 1 1 0 0 1 1 1 
0 1 1 0 1 1 1 0 1 0 0 1 0 1 0 1 1 0 1 0 0 0 0 1 0 1 0 1 1 1 1 1 1 0 0 1 1 0 1 1 1 0 0 0 1 1 0 1 0 1 
1 1 1 1 1 0 1 1 1 0 1 1 0 1 1 0 0 0 1 0 0 0 0 1 1 0 0 1 0 0 0 0 0 1 1 1 0 0 1 1 1 0 0 1 0 0 0 1 1 1 
0 0 0 1 0 0 1 0 0 1 1 1 1 1 0 1 1 1 0 0 1 1 1 0 0 1 0 0 0 0 1 0 1 1 0 1 0 0 1 0 1 0 0 0 0 1 1 0 0 0 
1 1 0 1 0 0 1 1 0 0 0 0 0 0 1 1 1 0 0 1 1 1 0 0 0 1 0 1 1 1 0 0 0 0 0 0 0 1 0 0 1 0 0 0 1 1 1 1 0 0 
1 0 0 0 0 0 0 1 1 0 1 0 1 0 1 1 1 1 0 0 0 1 1 1 1 0 1 0 0 0 0 1 0 1 1 1 1 1 0 1 0 1 1 0 1 0 1 0 0 0 
0 0 0 0 0 0 1 0 0 1 1 0 0 0 0 0 0 1 0 0 0 0 1 0 0 1 0 0 1 0 1 1 0 0 1 0 1 1 1 0 0 0 1 1 1 0 0 1 0 0 
1 0 0 1 0 0 1 0 1 1 0 0 1 1 0 1 1 1 1 1 0 1 0 1 0 1 1 1 1 0 1 0 0 0 0 0 1 1 1 0 1 1 0 1 0 0 0 1 0 1 
0 1 1 1 0 1 1 0 1 1 0 1 0 1 0 1 0 0 1 0 1 1 0 1 0 1 0 1 1 1 0 0 1 1 1 0 0 1 0 0 1 0 1 0 0 1 0 1 1 0 
0 1 1 1 0 0 1 0 1 0 0 0 1 1 0 1 1 0 0 1 1 1 1 0 1 0 1 1 0 0 1 1 0 1 0 1 0 1 1 1 0 1 1 1 1 1 1 1 1 1 
0 0 0 1 1 0 1 0 0 0 0 0 0 1 0 1 1 1 1 0 0 1 0 1 0 0 1 0 0 0 0 1 1 1 1 0 0 0 0 1 1 0 0 1 0 0 0 1 1 1 
0 0 0 1 1 0 0 1 0 1 1 1 0 0 1 1 1 1 1 0 0 1 0 1 1 1 1 0 0 0 1 1 0 1 0 1 1 1 0 1 1 0 1 0 0 1 0 0 0 1 
1 1 0 0 0 0 1 0 1 1 0 0 0 1 0 1 0 1 1 1 0 0 0 0 0 0 0 1 0 1 0 0 1 1 1 0 1 1 1 1 1 0 1 1 0 1 0 0 1 0 
0 0 0 1 0 0 0 0 1 1 1 1 0 0 1 0 0 0 0 1 1 1 1 1 1 0 0 1 1 0 0 0 1 1 0 0 0 1 1 0 1 1 0 1 0 0 1 0 0 0 
1 0 0 0 0 0 1 0 0 1 1 1 1 0 0 1 0 0 1 0 0 1 0 0 1 1 0 0 0 1 1 1 1 0 0 1 1 0 0 0 1 1 0 0 0 1 1 0 0 1 
0 1 1 0 1 1 1 0 0 1 0 1 1 0 1 1 1 0 0 0 1 1 1 1 1 0 0 1 0 0 0 0 1 0 1 1 1 1 0 1 1 0 1 1 1 1 1 0 1 0 
1 0 0 1 1 0 1 1 0 0 1 1 0 0 1 0 1 0 0 0 1 1 1 0 0 1 0 1 1 0 1 1 1 1 1 1 1 1 1 1 0 1 0 0 0 0 0 0 1 0 
1 0 1 1 0 1 0 0 0 0 0 0 1 0 1 0 1 1 1 1 0 1 1 0 1 1 0 1 1 1 1 1 0 1 1 0 1 1 0 1 1 0 1 0 0 1 0 0 0 1 
