50 30 8
272.0 205.0 294.0 272.0 269.0 169.0 317.0 233.0 282.0 256.0 234.0 333.0 261.0 271.0 255.0 165.0 228.0 261.0 270.0 318.0 305.0 305.0 194.0 196.0 303.0 306.0 225.0 326.0 183.0 202.0 272.0 297.0 216.0 211.0 232.0 263.0 273.0 140.0 266.0 219.0 239.0 281.0 226.0 250.0 109.0 281.0 252.0 274.0 219.0 216.0 
4.6 4.0 3.3 3.8 5.8 4.0 4.3 5.1 4.4 4.9 4.0 4.5 3.8 4.4 4.0 4.9 2.0 5.7 3.5 4.6 3.8 5.6 3.9 4.9 4.2 6.1 3.3 3.0 3.8 4.7 
0 0 1 0 0 0 1 1 1 0 1 1 1 1 1 0 1 0 0 1 1 0 1 0 1 0 1 1 0 0 
1 0 1 0 1 0 1 1 0 0 1 0 0 1 0 0 0 1 1 1 0 1 0 0 0 0 1 1 1 1 
0 1 1 0 0 1 1 1 0 0 0 0 1 0 0 1 0 1 0 0 1 1 1 0 0 1 0 0 0 1 
1 1 1 1 1 1 0 0 1 1 0 0 1 1 0 0 0 1 0 0 1 1 0 0 0 1 0 1 0 1 
0 0 1 0 1 1 0 1 0 1 0 0 1 0 0 1 0 1 0 1 0 0 0 1 0 0 1 0 1 0 
1 1 1 0 0 0 1 0 0 1 1 0 0 1 0 0 1 0 1 1 0 0 1 1 0 1 0 1 1 0 
0 1 0 1 0 0 1 0 0 0 1 1 0 0 1 1 1 1 0 1 0 0 0 1 0 1 0 1 0 1 
1 1 1 1 1 1 0 1 1 0 1 1 1 0 1 1 0 1 1 1 1 1 0 1 0 1 0 0 0 0 
1 0 0 0 0 1 1 0 0 0 1 1 0 1 1 0 1 0 0 1 1 0 1 1 0 1 0 1 0 0 
0 1 0 0 0 0 0 1 0 1 1 1 1 1 1 0 0 1 0 1 1 0 0 1 0 1 1 0 0 0 
1 0 0 0 0 1 0 1 0 0 0 0 1 0 0 0 1 0 0 1 0 1 0 1 0 0 1 0 1 0 
1 0 1 0 1 0 0 0 1 1 0 1 1 1 1 0 0 1 0 0 1 0 1 0 0 0 0 0 0 0 
0 1 0 1 1 0 1 1 0 0 1 1 0 0 0 1 1 0 0 0 1 1 1 1 1 1 0 1 0 0 
0 1 1 1 1 0 0 1 1 0 1 1 0 0 1 0 0 1 1 1 0 0 1 0 0 1 1 1 0 0 
0 1 0 1 0 0 0 1 0 0 1 1 1 0 1 0 0 0 1 0 1 0 0 0 0 1 1 1 1 1 
0 1 0 0 1 0 0 1 0 1 0 1 0 1 0 0 0 1 1 1 1 1 0 1 1 1 1 0 0 1 
0 1 0 1 0 1 0 1 0 0 1 1 1 1 0 1 0 1 1 0 1 0 0 1 1 1 0 0 0 1 
1 0 0 0 0 0 0 1 0 0 1 0 1 1 0 0 1 1 1 0 1 0 0 1 1 1 1 0 1 1 
0 0 0 0 1 0 0 0 1 0 1 0 0 1 0 0 1 1 1 1 1 0 0 1 0 1 1 1 1 0 
0 0 0 1 0 0 0 0 0 1 0 1 0 0 0 0 1 1 1 1 0 1 0 1 0 0 0 1 1 0 
0 1 0 0 0 0 0 1 0 1 1 0 0 0 1 1 0 0 0 1 1 1 0 1 1 0 0 1 1 1 
1 1 1 1 1 0 1 1 0 0 0 0 0 0 1 0 1 1 0 1 1 1 0 1 0 0 1 1 0 0 
1 1 0 1 1 0 0 0 0 1 1 0 0 0 0 1 1 0 1 1 0 1 0 0 0 0 1 1 0 1 
1 0 0 0 1 1 0 1 0 0 0 1 0 1 0 1 0 0 1 1 1 1 0 0 1 1 1 0 1 0 
0 1 0 0 1 0 1 0 1 0 1 1 0 0 1 1 0 0 0 0 1 1 1 0 1 0 1 1 1 0 
1 1 1 0 1 0 0 0 1 1 0 1 1 0 0 1 0 0 0 0 0 1 0 0 1 1 1 0 0 0 
0 0 0 1 0 0 1 0 0 0 0 1 0 0 1 1 1 0 0 1 1 1 1 1 0 0 1 1 0 1 
0 1 1 1 0 0 0 1 1 0 0 1 0 1 1 0 1 0 1 0 1 1 0 1 1 1 0 0 1 0 
1 1 0 0 1 0 0 0 1 0 0 1 0 1 1 0 1 1 1 1 1 0 1 1 1 0 0 1 0 1 
1 0 1 1 1 0 0 0 0 1 0 0 1 0 1 1 0 1 0 1 0 0 0 0 1 0 1 1 1 0 
1 1 1 0 0 0 1 1 1 1 1 0 1 1 0 0 0 1 0 0 1 1 0 0 1 0 1 0 0 1 
0 1 0 0 0 1 1 1 1 0 0 1 0 0 0 1 0 1 0 0 0 0 1 1 1 0 1 0 1 1 
0 1 0 1 1 1 0 0 1 1 1 1 1 0 0 0 1 1 1 1 0 0 1 0 1 1 0 1 0 1 
0 1 1 0 0 1 1 0 0 1 1 0 0 1 0 1 1 0 0 1 0 0 1 0 0 1 0 1 1 1 
0 1 1 1 1 0 1 1 1 1 0 1 0 1 0 1 0 0 1 0 0 0 0 1 0 1 0 1 1 0 
1 0 1 0 0 1 0 1 1 1 0 0 1 0 0 1 1 0 0 1 0 1 1 0 0 0 1 1 1 0 
1 1 1 1 1 1 1 1 1 1 1 0 1 0 0 0 0 0 0 1 0 0 0 1 0 0 0 1 1 1 
0 1 0 1 0 0 1 0 1 0 1 0 0 1 1 1 0 1 1 0 1 0 1 0 0 0 0 1 0 0 
0 0 1 1 1 0 0 0 1 0 1 1 0 0 1 1 0 1 1 1 1 0 0 1 1 1 1 1 1 0 
0 1 1 0 0 1 0 0 1 1 0 1 1 0 0 1 1 0 0 1 0 1 0 1 1 0 1 1 0 1 
0 0 1 0 0 0 1 0 0 1 1 0 1 1 0 1 0 0 1 1 0 0 1 1 1 0 1 1 1 1 
1 0 1 0 1 1 1 1 0 1 0 0 0 1 1 1 0 1 0 1 1 0 0 0 1 1 1 1 0 1 
1 0 1 1 0 0 0 0 0 1 0 0 1 0 0 0 1 0 0 1 1 0 0 0 0 1 0 0 0 0 
0 1 0 0 1 0 0 1 0 1 0 1 1 0 0 0 0 0 0 0 0 0 1 0 1 0 1 0 0 0 
1 0 1 0 1 1 0 1 0 1 1 1 0 0 0 0 0 1 0 0 1 0 1 1 1 0 0 0 0 0 
0 1 1 0 1 1 0 1 0 0 1 1 0 0 0 0 0 1 1 0 0 0 0 0 0 1 1 0 1 0 
0 0 1 0 1 0 0 1 0 0 0 1 0 0 1 0 1 0 1 1 0 1 1 0 0 0 1 1 0 1 
0 1 1 1 0 1 1 0 0 0 0 0 1 0 1 0 1 0 1 1 1 0 0 1 0 0 0 1 0 1 
1 1 0 1 1 1 0 0 1 0 0 1 0 1 0 1 0 1 0 0 1 1 0 0 0 1 1 0 1 1 
0 0 1 1 1 0 0 0 0 0 1 0 0 0 1 0 1 0 1 0 0 1 0 1 0 1 0 1 0 0 
