50 90 7
275.0 259.0 193.0 302.0 250.0 186.0 220.0 285.0 239.0 171.0 208.0 207.0 281.0 249.0 217.0 254.0 340.0 297.0 194.0 290.0 354.0 303.0 267.0 327.0 260.0 201.0 261.0 367.0 358.0 197.0 165.0 291.0 306.0 135.0 205.0 276.0 258.0 232.0 287.0 261.0 374.0 272.0 267.0 290.0 343.0 161.0 158.0 254.0 210.0 237.0 
2.5 2.6 3.2 2.7 3.6 5.0 1.4 2.8 2.1 3.9 2.2 3.1 3.8 3.4 4.3 1.8 2.8 3.5 4.2 4.2 3.6 2.7 3.4 4.4 4.0 2.9 4.0 2.7 2.6 3.5 3.5 3.7 3.2 3.1 3.4 2.3 4.5 4.5 2.8 3.5 4.4 2.6 4.7 3.2 2.5 2.7 2.3 4.5 2.2 4.7 4.2 4.8 4.0 3.0 3.2 3.2 2.4 3.6 3.8 1.9 2.3 4.4 2.9 3.4 3.8 3.6 2.0 4.2 3.9 3.2 2.3 1.8 2.9 4.1 5.1 4.2 3.4 4.9 3.6 2.6 2.0 2.4 3.4 2.0 4.9 5.0 1.4 4.1 3.1 2.7 
1 0 1 0 0 1 1 1 1 0 0 1 1 0 1 1 1 0 0 1 1 0 1 0 0 1 1 1 1 1 0 0 1 0 0 1 1 1 0 1 1 0 0 1 0 1 1 1 0 1 0 1 0 0 0 0 0 1 1 0 0 0 1 1 1 1 0 1 0 0 0 0 0 0 0 1 1 0 0 0 1 1 0 1 1 0 0 1 1 1 
0 1 0 0 0 1 0 0 0 1 1 1 1 1 1 1 0 1 0 1 0 1 1 0 1 1 0 1 0 1 0 0 1 0 1 0 0 1 0 0 1 0 1 0 1 0 1 1 1 0 1 0 1 1 0 1 0 1 0 0 1 1 1 1 1 0 1 0 1 0 1 1 1 0 1 1 1 0 1 0 1 0 1 1 0 1 0 1 1 0 
0 1 0 1 1 1 0 1 0 0 1 0 0 1 1 1 1 0 1 0 1 1 0 0 0 0 0 0 0 0 0 1 1 1 0 0 1 1 1 0 1 1 0 0 1 0 0 1 0 1 0 0 0 0 1 0 0 0 1 0 1 1 0 1 1 1 1 0 1 1 0 0 1 0 1 0 0 1 1 0 1 0 0 0 1 1 0 1 1 0 
1 1 0 1 1 1 1 1 0 0 0 0 1 1 0 1 0 0 1 0 1 1 1 0 1 0 0 1 1 0 0 1 0 0 0 0 0 0 1 1 1 0 0 0 1 1 1 1 1 1 0 0 1 1 1 0 0 1 0 0 0 0 1 0 1 0 1 1 1 1 0 1 1 1 1 1 1 1 0 1 1 0 1 1 0 0 0 0 0 0 
1 0 0 0 0 1 0 1 0 1 0 0 1 0 1 0 0 1 1 1 0 0 1 1 0 0 0 0 1 0 0 1 0 1 0 1 1 1 0 0 0 1 0 0 0 0 0 1 0 0 1 1 1 0 0 1 0 1 0 1 1 0 1 1 0 0 0 1 0 1 0 1 1 1 0 1 1 0 0 1 1 1 1 0 1 1 1 1 0 0 
1 0 0 0 0 1 0 1 0 0 1 1 1 0 0 1 0 1 0 0 0 0 1 1 1 1 1 1 0 0 1 0 1 1 1 1 0 1 0 0 0 1 1 0 1 1 0 0 0 1 0 0 0 0 1 1 0 0 0 1 1 0 1 0 1 1 1 1 0 0 1 0 1 0 1 0 1 0 1 1 1 1 1 0 0 0 1 1 0 1 
1 1 1 1 0 0 1 0 0 1 1 0 1 0 0 1 1 1 1 1 1 0 0 0 1 1 1 1 1 0 1 0 1 0 0 1 0 0 1 0 0 1 1 1 0 0 1 0 1 1 1 0 0 0 0 1 0 1 1 0 1 0 1 1 0 1 0 1 0 0 1 1 0 1 0 0 1 0 1 0 0 1 1 0 0 1 1 1 1 1 
1 1 1 0 1 1 0 1 0 1 0 1 0 1 0 0 0 1 1 0 0 0 1 0 0 1 0 1 0 0 0 1 0 0 0 1 0 0 1 0 0 1 0 0 0 0 0 0 0 1 0 0 1 0 0 0 1 0 0 0 1 0 1 0 0 0 0 1 0 0 0 1 0 1 0 1 1 1 0 0 0 0 1 1 1 1 0 1 1 1 
0 1 0 1 1 0 1 1 1 0 1 1 0 1 1 0 0 0 0 1 1 0 0 1 0 1 0 1 1 0 1 1 1 0 0 0 0 1 1 0 0 0 0 1 1 1 0 0 0 1 0 0 1 1 0 0 1 1 0 0 1 0 1 0 1 0 0 0 1 1 0 0 1 0 0 0 1 0 1 1 1 1 0 0 0 0 1 1 0 0 
0 1 1 0 0 1 1 1 0 0 1 0 0 1 1 1 0 1 1 0 1 1 1 1 1 0 1 0 1 1 1 0 1 0 1 1 1 0 1 0 0 1 0 0 0 1 0 1 0 1 0 0 0 0 0 1 0 1 0 0 0 0 1 0 0 1 1 1 1 1 0 0 1 1 1 1 0 1 1 1 1 1 0 0 1 1 1 1 1 1 
1 0 0 0 1 0 0 1 0 0 0 0 1 0 0 1 1 1 0 0 1 0 0 1 1 0 0 1 1 0 0 0 1 0 1 0 0 0 0 0 0 1 0 1 1 1 0 1 1 1 1 1 0 1 1 0 1 0 1 0 1 0 1 1 1 0 0 1 0 1 1 1 1 0 1 1 0 1 0 0 0 1 0 0 0 0 1 1 1 0 
1 0 0 1 0 1 1 0 1 1 0 0 1 1 1 0 0 0 1 1 1 1 0 0 1 0 0 0 1 1 0 0 1 0 1 1 1 1 1 0 1 1 1 1 0 0 0 0 0 1 1 0 0 0 0 1 1 0 0 0 0 0 1 0 1 1 1 0 1 0 0 1 0 0 0 1 1 1 0 0 1 0 0 1 0 0 0 1 0 0 
1 0 0 0 1 0 1 0 0 0 0 1 0 1 0 0 0 0 0 1 0 0 1 1 0 1 1 0 0 1 1 0 0 1 1 1 1 0 1 1 0 0 1 0 0 1 1 1 0 1 0 1 1 1 0 0 0 0 1 0 0 1 1 1 0 0 0 1 1 1 0 1 0 1 0 0 1 0 1 1 0 0 1 1 1 0 0 1 1 1 
1 1 1 1 1 1 0 1 1 0 0 0 1 1 0 1 1 1 1 1 0 0 1 1 0 0 0 1 0 1 0 1 0 1 0 0 1 1 0 1 0 0 1 1 1 0 1 0 0 1 1 1 1 0 0 0 1 1 0 0 0 1 1 1 1 0 0 0 1 1 1 1 0 1 1 0 1 1 0 1 0 0 1 0 1 1 1 0 1 1 
0 1 1 1 0 1 1 0 1 1 0 1 0 0 1 1 0 0 0 1 1 0 1 1 1 0 1 0 0 0 0 1 0 0 0 0 1 1 1 1 0 0 0 1 0 0 1 1 0 1 0 0 0 1 1 1 1 0 0 1 1 0 1 1 0 1 1 1 1 0 0 1 0 0 1 1 0 0 0 1 0 0 0 1 1 0 1 0 1 0 
1 1 0 0 1 0 1 1 1 0 1 0 1 1 1 1 0 0 1 0 1 0 1 0 1 1 0 0 0 1 1 1 1 1 1 0 1 0 1 1 1 0 1 1 0 0 0 1 1 1 0 1 1 0 1 0 1 1 1 1 0 0 0 0 1 0 0 1 1 1 1 0 1 1 1 0 1 0 0 0 0 1 1 0 1 0 0 1 0 0 
0 0 0 0 0 1 0 0 0 1 1 1 1 1 0 1 1 1 1 0 1 0 0 0 1 1 1 1 0 0 1 0 0 1 0 1 0 0 1 0 0 0 0 1 1 1 0 1 1 1 0 0 1 0 1 1 0 1 0 0 1 0 1 0 1 0 1 0 0 0 0 0 0 0 0 0 0 1 0 0 0 0 1 1 1 1 0 1 1 1 
0 0 0 1 1 1 0 0 0 0 0 0 0 1 1 1 1 1 1 0 0 0 1 0 0 0 1 1 0 1 1 0 0 1 1 1 0 0 1 0 0 0 0 0 1 0 0 1 1 0 0 0 0 1 0 1 0 1 1 1 0 0 1 0 1 1 0 1 1 1 0 0 1 0 1 0 1 0 0 0 0 0 0 0 0 0 1 0 1 1 
1 0 0 0 0 0 1 1 1 1 1 0 1 1 1 1 1 0 0 1 0 1 0 1 1 0 0 0 1 0 1 1 0 0 1 1 1 1 0 1 0 1 1 0 0 1 0 0 0 1 0 1 1 0 0 0 1 1 0 0 1 0 1 0 1 0 1 0 1 0 0 0 1 0 0 0 1 0 0 1 1 1 0 1 0 0 0 1 0 0 
0 1 0 1 0 0 0 0 1 0 0 0 0 0 0 0 0 1 0 0 0 1 0 0 1 1 0 0 0 0 0 0 0 1 0 1 1 1 1 0 0 1 1 0 0 0 0 1 1 1 0 0 1 0 0 1 1 1 1 1 1 1 1 0 0 0 0 0 0 0 0 1 1 0 0 0 1 0 1 0 1 0 1 0 1 0 1 1 0 0 
1 1 1 1 0 0 0 0 1 0 0 1 1 0 1 0 0 1 1 0 0 1 1 0 0 0 0 0 0 0 1 1 1 1 1 0 0 1 0 1 1 1 1 1 1 0 1 0 1 1 0 0 1 1 1 0 1 0 0 0 1 0 0 1 1 0 0 0 1 1 0 0 0 0 1 0 0 1 0 0 1 1 0 1 1 0 0 1 1 1 
1 0 0 1 0 1 1 0 0 1 0 0 0 1 0 0 1 0 1 0 0 0 0 1 0 0 1 1 0 0 0 0 1 0 1 1 1 1 1 1 0 0 0 0 1 1 1 1 0 0 0 1 1 1 0 0 1 0 1 1 1 0 1 0 0 1 0 0 0 1 1 0 1 0 0 0 0 1 1 1 1 1 1 1 1 1 1 0 1 0 
1 1 0 1 0 1 1 0 1 0 0 1 1 0 0 1 1 0 1 0 1 0 0 1 0 1 1 0 1 0 1 0 0 1 0 0 1 0 1 0 0 0 0 1 0 0 1 0 0 1 0 1 1 0 0 0 1 1 1 1 1 0 0 1 0 0 0 0 0 0 0 0 1 0 1 0 1 1 0 1 1 0 0 0 1 1 1 0 0 1 
1 0 1 0 1 1 1 0 1 0 0 0 1 0 1 1 1 1 0 0 1 1 0 0 0 1 1 0 0 1 1 0 1 0 1 1 1 1 1 0 1 0 1 1 1 0 1 1 1 0 0 1 0 0 0 1 1 1 1 0 1 1 1 0 1 1 0 1 1 0 0 0 0 1 1 1 1 0 0 0 0 0 0 1 1 1 0 0 0 1 
1 1 0 1 0 0 1 1 0 0 0 0 0 1 0 0 1 1 0 0 0 0 1 0 1 1 0 1 1 1 1 0 1 0 1 0 1 1 0 0 1 0 0 0 1 1 1 0 0 0 0 1 0 0 0 1 0 1 0 1 1 0 0 0 0 0 0 0 0 1 0 0 1 1 1 0 1 1 0 1 0 1 1 1 1 1 1 0 0 0 
0 0 1 0 1 0 0 0 0 1 1 1 0 1 1 0 0 0 1 0 0 1 1 0 1 0 0 1 1 0 0 0 1 1 1 0 1 0 0 1 0 1 1 1 1 0 0 0 0 1 1 0 0 0 1 1 1 1 0 1 1 1 1 1 0 1 1 1 0 1 0 1 1 1 0 1 1 1 1 0 1 0 1 1 1 0 1 1 1 0 
1 0 1 1 1 1 0 1 1 0 1 1 0 1 0 0 1 1 1 1 0 1 1 0 0 0 0 0 0 0 1 1 1 0 0 1 1 1 1 1 0 0 1 1 1 1 1 1 1 1 1 0 1 0 0 0 1 1 0 0 0 1 0 1 1 1 0 1 0 0 1 0 1 1 0 0 0 0 1 1 0 1 0 1 1 1 1 1 0 1 
1 1 1 0 0 0 1 1 1 0 1 0 1 0 0 0 1 1 1 0 0 0 1 1 0 1 0 1 1 0 1 0 1 0 1 0 0 0 0 1 1 0 1 0 1 0 0 0 1 0 0 1 1 1 0 1 0 1 0 0 0 0 0 0 1 1 0 1 1 0 0 1 0 1 0 1 1 0 1 1 0 1 0 0 1 1 1 0 0 0 
0 0 0 1 0 0 1 1 1 1 0 1 1 1 0 1 1 1 1 0 1 1 0 1 0 0 1 1 1 1 0 1 1 0 0 1 1 1 0 0 1 0 0 0 1 1 1 0 1 1 0 0 1 0 1 0 1 0 0 1 0 1 1 1 0 0 0 0 0 0 1 1 1 0 0 1 0 1 1 1 1 1 0 0 1 1 1 1 0 1 
1 1 0 1 0 1 1 0 1 0 1 0 0 0 1 0 1 1 0 0 1 0 0 0 0 0 0 1 1 0 1 1 1 1 0 1 1 0 0 0 0 1 0 0 1 0 1 1 0 1 0 1 0 1 0 0 0 1 0 0 0 1 1 1 1 0 1 0 0 0 1 0 0 0 0 0 0 0 0 0 1 0 0 1 1 1 1 1 0 0 
0 1 1 0 0 1 1 0 0 1 0 0 1 1 0 0 0 1 0 0 1 0 1 0 0 1 1 1 1 1 1 0 0 1 0 1 0 1 0 1 0 1 0 0 1 0 0 1 0 1 0 1 1 1 1 0 1 0 0 1 0 1 1 1 0 1 1 0 1 1 0 1 1 0 0 0 0 1 0 1 1 1 1 0 0 0 1 1 0 1 
1 0 1 0 0 1 1 0 1 1 0 1 1 0 1 0 1 1 1 1 0 1 1 1 0 1 0 1 0 0 1 1 0 1 0 1 0 0 0 1 0 0 0 1 1 0 1 1 1 1 0 1 0 1 0 0 0 1 1 1 1 0 0 0 1 0 1 1 1 1 0 1 0 0 1 0 0 1 1 1 0 0 1 0 1 0 1 1 1 0 
1 1 1 1 1 0 0 1 0 1 0 0 1 0 0 1 1 1 0 0 0 0 1 0 1 0 1 1 0 0 1 0 0 1 0 0 0 0 0 0 0 0 0 1 1 0 0 1 1 1 1 0 1 1 0 0 1 0 1 0 1 0 1 0 1 0 1 1 0 1 1 0 0 0 1 1 0 1 0 1 0 1 1 0 0 1 0 1 1 0 
1 0 1 1 0 0 1 0 1 0 1 0 1 0 0 1 0 0 0 0 0 1 1 0 0 0 0 0 0 0 1 1 0 0 0 1 0 1 0 1 0 0 0 0 0 1 0 0 1 0 1 1 0 0 1 1 1 1 1 0 1 1 1 0 1 0 1 0 0 1 0 1 0 0 1 1 1 0 0 0 1 0 0 1 1 0 1 0 0 0 
1 1 1 0 1 0 1 1 0 1 1 0 1 0 1 0 0 0 1 1 0 1 1 1 0 0 0 1 1 0 1 1 1 0 0 1 0 1 1 0 0 0 1 1 1 0 0 0 0 0 1 0 1 0 0 0 0 1 0 0 1 0 0 0 0 0 0 0 0 0 1 0 0 1 0 0 1 1 1 0 1 1 0 1 1 0 0 0 1 0 
1 1 1 0 1 0 0 1 1 1 0 1 1 1 1 1 0 1 0 1 1 1 0 0 1 0 1 0 1 1 0 0 0 1 0 1 0 1 0 1 1 0 0 1 1 0 1 1 1 0 0 0 0 1 0 0 0 0 1 0 0 0 1 0 1 1 0 0 1 1 1 1 1 1 1 1 0 0 1 0 0 1 1 1 0 0 0 0 1 0 
1 0 1 1 1 1 1 1 1 0 0 1 0 0 0 0 0 0 0 0 0 1 0 1 0 0 1 1 0 0 1 0 1 1 1 1 1 1 1 0 0 1 0 0 0 1 0 1 0 0 1 1 0 0 0 1 0 1 0 1 1 1 0 0 1 0 1 1 0 0 0 1 0 0 1 1 0 1 0 0 0 0 0 0 1 1 1 0 0 1 
1 1 1 1 1 1 1 0 1 0 0 0 0 0 0 0 0 0 1 1 1 1 1 1 0 1 1 1 0 0 1 0 0 1 1 1 0 0 1 1 1 1 0 0 1 1 0 0 1 0 0 1 0 0 1 0 1 1 1 0 0 0 0 0 1 0 0 1 1 0 1 0 1 1 1 0 1 1 1 1 0 1 0 0 0 1 0 0 1 1 
1 0 1 0 0 1 0 1 0 0 0 1 1 0 0 1 1 1 0 0 1 1 0 1 1 0 0 0 1 1 0 1 1 0 0 0 1 1 1 1 1 0 0 1 1 0 0 0 1 0 1 1 0 0 1 1 1 0 1 1 1 0 0 0 0 0 1 0 0 1 1 1 1 0 0 0 1 0 0 1 0 1 0 1 1 1 0 0 0 1 
1 0 0 1 0 1 0 1 1 0 0 1 1 0 1 1 0 1 0 1 0 1 1 1 1 0 0 1 1 0 0 0 1 1 0 1 0 0 0 1 0 1 1 0 1 1 0 0 1 1 0 1 0 1 0 1 1 0 0 1 1 1 1 0 0 0 1 0 0 0 1 0 0 1 0 0 1 1 1 1 1 0 1 0 1 1 0 1 0 0 
0 0 0 1 0 0 0 0 1 0 0 0 0 1 0 1 1 1 0 0 1 1 1 1 0 1 1 1 1 0 1 1 0 0 1 1 0 0 0 0 1 0 0 0 1 1 1 1 0 1 1 1 0 1 0 0 1 0 0 1 1 1 1 0 1 0 0 1 1 0 0 1 1 0 0 0 0 0 0 1 0 1 0 0 1 0 1 1 1 1 
0 0 0 1 0 0 0 0 1 0 0 0 0 0 1 0 1 1 1 1 1 1 1 1 0 1 0 1 1 1 1 0 1 1 0 1 1 0 0 1 1 0 0 1 0 0 0 0 1 1 0 1 0 0 0 0 0 1 1 1 0 1 0 1 1 1 0 1 0 0 0 0 1 1 0 1 0 1 0 0 0 1 0 0 0 1 0 1 0 1 
0 0 1 1 0 1 0 0 1 0 1 0 1 0 0 0 1 0 0 0 0 0 0 1 1 1 1 1 1 1 1 0 0 0 1 1 1 0 1 1 1 1 1 0 1 1 1 0 1 1 1 1 0 0 0 0 0 1 1 0 1 1 1 1 0 1 0 1 1 0 1 0 0 1 1 0 0 1 0 1 1 0 1 1 1 0 0 0 0 1 
1 1 1 1 0 0 0 1 1 0 1 1 1 0 1 1 0 0 0 1 1 1 1 1 0 1 0 1 1 0 0 1 1 1 1 0 0 1 1 0 1 1 1 1 0 0 1 1 0 0 0 1 1 1 1 1 0 0 0 0 0 1 1 0 0 1 1 1 0 1 1 1 0 1 1 1 0 1 1 0 0 1 1 0 0 1 1 0 1 0 
1 0 1 1 1 1 0 0 0 1 1 0 0 1 1 1 1 0 0 0 1 1 1 1 0 1 0 1 1 1 0 1 1 1 0 0 0 1 1 1 1 1 1 1 0 0 0 1 0 0 1 1 1 1 0 0 0 1 1 0 0 0 0 1 1 1 0 0 1 1 1 1 1 1 0 1 0 0 1 0 1 0 1 0 1 1 0 1 0 1 
1 1 0 0 1 1 0 0 1 0 0 0 1 0 0 1 1 0 0 1 0 0 1 1 1 1 0 0 0 0 1 0 0 1 1 1 0 0 0 1 1 0 1 0 0 0 1 0 1 1 1 0 1 1 0 1 1 1 0 0 0 1 1 0 0 0 0 1 0 1 0 0 0 0 1 0 0 0 1 1 1 0 0 1 0 0 0 0 0 0 
0 0 1 1 0 1 1 1 1 1 0 1 0 1 1 0 1 1 1 0 0 0 1 1 0 1 0 0 0 0 0 1 0 1 0 0 1 1 1 1 1 0 0 0 1 0 1 0 1 1 0 1 1 1 0 1 0 0 0 1 1 1 1 1 0 1 0 0 1 0 1 1 0 0 0 1 0 1 1 0 1 0 0 0 0 0 0 0 1 0 
1 0 0 0 1 1 0 1 0 0 0 0 0 0 0 0 0 1 0 0 0 0 1 0 1 0 1 0 0 0 1 0 1 0 1 0 1 0 0 1 0 1 1 0 0 0 0 0 0 0 0 0 0 0 1 1 1 1 0 0 1 1 1 0 1 1 1 1 1 1 1 1 0 1 1 1 0 1 0 0 1 1 0 1 0 1 1 0 0 1 
0 1 0 1 1 0 1 0 1 1 1 0 0 1 0 1 1 1 0 1 0 0 0 1 0 0 1 1 0 1 0 1 0 0 0 0 1 1 0 0 1 0 0 1 1 0 1 1 0 0 1 1 1 0 0 1 1 0 0 1 1 1 1 1 0 0 1 0 0 1 0 0 1 1 0 0 1 1 1 1 0 0 1 0 0 0 1 1 1 1 
1 0 0 0 1 1 1 0 1 1 1 0 0 0 0 1 1 0 1 1 0 1 0 0 1 0 0 0 0 0 1 1 1 0 0 0 0 1 0 1 1 0 1 0 0 1 1 0 1 0 0 0 1 1 1 1 1 1 0 0 1 0 1 0 1 0 1 1 1 0 0 1 0 1 1 1 0 1 1 0 0 1 1 0 0 0 0 1 1 0 
