50 50 8
292.0 297.0 244.0 274.0 170.0 243.0 281.0 181.0 290.0 288.0 252.0 307.0 119.0 229.0 148.0 261.0 235.0 231.0 204.0 238.0 251.0 211.0 202.0 144.0 190.0 215.0 247.0 269.0 265.0 228.0 154.0 199.0 243.0 249.0 296.0 236.0 284.0 224.0 242.0 152.0 266.0 204.0 191.0 202.0 181.0 311.0 278.0 287.0 208.0 268.0 
3.5 6.1 3.7 3.9 3.2 4.2 3.6 5.4 4.2 4.4 5.2 3.3 4.8 2.0 3.6 3.9 5.7 2.2 4.2 4.6 4.3 3.0 3.8 5.0 5.3 3.3 4.1 4.4 4.1 3.4 3.2 4.1 3.9 4.5 3.8 2.9 3.8 4.0 2.4 4.0 3.3 4.6 3.8 3.3 4.6 4.4 3.8 3.0 4.6 5.3 
0 0 0 0 0 1 0 0 1 0 0 0 0 0 1 1 0 1 1 1 0 1 0 0 0 0 1 0 1 0 0 0 0 1 0 0 0 0 1 0 0 0 0 1 0 0 0 1 0 0 
1 0 0 1 1 1 1 1 0 1 0 1 0 1 0 1 0 0 0 1 1 0 1 0 0 1 1 0 0 0 1 0 1 0 1 0 1 1 0 1 0 1 0 0 0 1 0 1 0 1 
0 0 1 1 1 1 1 0 0 0 1 1 1 1 1 0 0 1 0 0 0 1 1 1 0 0 0 1 1 1 0 1 1 0 1 0 1 0 1 0 1 0 1 0 1 0 1 0 0 0 
1 1 0 1 1 0 0 0 0 1 0 1 0 1 1 1 0 0 1 0 0 1 0 1 0 0 1 1 0 1 0 1 0 0 1 1 0 1 1 0 1 1 0 1 1 0 1 0 1 0 
1 0 1 1 0 1 1 0 1 1 0 0 0 1 0 0 0 0 0 0 1 1 0 0 0 0 1 1 1 0 1 1 0 0 1 1 0 0 1 0 1 0 1 1 1 0 0 0 0 1 
1 0 1 1 0 1 1 1 1 1 0 1 0 0 0 0 1 1 1 1 0 0 1 1 1 0 1 1 0 1 0 0 0 0 1 1 1 1 1 0 1 1 1 0 0 1 0 0 0 1 
1 1 1 1 0 0 0 1 0 1 1 0 1 1 0 1 0 1 0 0 0 0 0 1 0 0 0 1 0 1 0 1 0 0 1 0 1 0 1 0 0 1 0 1 0 1 0 1 0 1 
0 1 0 1 0 1 0 0 0 1 0 1 1 1 1 0 0 0 1 0 1 0 0 0 0 0 1 0 1 0 1 1 1 1 1 0 1 0 1 1 1 1 1 0 0 0 1 1 0 0 
0 0 1 0 0 0 0 0 0 1 0 1 1 0 1 1 0 0 0 1 1 0 1 1 0 0 0 1 1 0 1 1 1 0 1 0 0 0 1 1 0 1 0 1 0 1 0 0 1 0 
0 0 0 1 0 0 0 0 0 0 1 0 0 0 1 1 1 1 0 1 0 0 0 0 0 0 0 1 0 1 0 1 1 1 1 1 1 0 0 0 0 0 1 0 1 1 0 0 1 0 
0 1 1 0 0 0 1 0 1 1 1 0 0 0 0 0 1 1 1 1 0 0 1 1 0 1 1 0 1 0 0 0 1 0 0 0 0 0 0 1 1 0 0 1 0 1 0 0 1 0 
0 1 0 0 1 0 0 0 0 1 0 0 0 1 0 1 0 1 0 1 1 1 1 1 0 1 1 1 0 1 0 1 1 0 0 1 0 1 1 0 1 1 1 1 1 1 1 1 1 1 
0 0 1 1 1 1 0 1 0 1 1 0 1 1 0 1 0 1 0 0 0 1 1 0 0 0 0 1 0 0 1 0 1 0 0 0 1 1 1 0 1 0 1 1 1 0 0 1 0 1 
0 0 0 1 0 0 0 1 0 1 1 0 0 1 0 0 0 0 1 1 1 1 0 1 1 0 1 1 0 1 1 1 0 0 1 0 0 1 0 0 1 1 1 0 1 0 1 1 1 0 
1 1 0 1 1 0 1 0 0 0 0 1 0 0 1 0 0 0 1 1 1 1 0 1 1 0 0 0 1 0 1 0 1 1 1 0 0 1 1 0 0 0 0 1 0 1 0 0 0 1 
0 0 0 1 1 1 1 1 0 0 1 0 1 1 1 1 1 0 0 1 0 1 0 1 0 1 0 0 1 1 0 0 1 0 0 1 1 1 1 1 0 1 0 1 1 1 1 1 0 1 
1 0 0 1 1 0 1 0 1 1 0 1 0 1 0 0 1 0 1 0 0 0 1 1 0 0 0 1 1 1 0 1 0 1 0 0 0 0 0 1 1 0 1 1 0 1 0 0 0 1 
1 1 1 1 0 1 1 0 1 1 0 1 0 0 0 1 1 1 1 0 1 0 0 1 0 1 0 1 1 0 1 1 1 0 0 1 0 1 1 0 0 0 0 1 1 0 0 1 1 0 
0 1 0 1 0 1 1 0 0 0 0 1 0 1 1 1 1 0 0 1 1 0 0 0 1 0 0 0 0 0 0 1 1 1 0 1 1 1 0 0 1 1 1 0 0 0 0 0 0 0 
0 1 1 0 1 1 0 0 0 1 0 0 1 0 0 1 1 0 0 0 0 0 0 1 1 0 1 0 1 1 1 1 1 0 0 0 1 0 1 1 1 1 1 1 0 0 1 0 0 1 
0 1 1 1 1 1 1 1 0 1 0 1 1 1 1 1 1 1 0 0 1 1 0 0 0 1 0 0 0 0 0 0 1 1 1 0 0 1 0 1 0 1 0 1 0 0 1 0 0 1 
1 0 1 0 1 1 1 1 1 0 1 1 0 0 0 1 0 0 0 0 1 1 0 1 1 1 1 0 1 0 1 0 1 1 1 0 0 1 0 0 1 1 1 0 0 1 1 0 1 0 
0 1 0 1 0 0 0 0 0 0 0 1 0 0 0 1 1 1 0 0 0 0 0 1 0 1 0 1 1 0 1 0 1 0 1 0 0 0 1 0 1 0 0 1 1 1 1 0 1 0 
1 0 1 0 1 1 0 1 0 0 0 1 1 1 0 0 1 0 1 0 1 1 1 1 0 1 1 1 1 1 1 1 0 1 1 1 0 0 1 1 0 0 0 0 1 0 1 1 1 1 
0 1 1 1 0 1 0 0 0 0 1 0 1 1 1 0 0 0 1 0 0 0 0 1 0 1 0 0 1 1 1 1 0 0 1 1 0 1 1 0 1 0 1 0 1 1 0 1 1 0 
1 0 0 1 0 1 1 1 1 1 1 1 0 1 1 1 0 1 1 0 0 1 0 1 0 0 0 0 0 1 1 0 0 0 1 0 1 1 0 0 0 0 1 0 1 0 1 0 0 1 
1 1 1 0 1 1 1 0 0 1 0 0 1 0 0 0 1 0 0 0 1 1 1 0 1 0 1 0 1 1 1 1 0 1 0 1 0 1 1 1 0 1 0 1 0 1 1 1 0 1 
0 0 1 1 1 1 0 1 0 1 0 1 0 1 0 1 1 0 0 1 0 0 1 0 0 0 0 1 0 0 1 1 0 1 0 0 0 0 0 0 0 0 1 1 1 0 0 0 0 1 
0 0 0 0 1 1 1 1 0 0 0 1 0 1 0 1 0 1 1 0 1 1 0 0 1 1 0 0 0 0 0 1 1 0 1 1 0 0 0 1 0 1 0 0 1 0 1 1 0 0 
1 0 0 1 1 0 1 1 0 0 1 0 1 1 0 0 0 0 0 0 0 1 0 0 0 1 1 1 1 1 1 0 0 0 1 0 0 1 1 1 0 1 0 1 0 0 1 1 0 1 
0 1 1 1 1 0 0 1 0 0 1 0 0 0 1 1 0 0 0 0 0 1 0 0 1 0 1 0 0 1 1 0 0 1 1 1 0 1 0 0 0 1 1 1 0 0 1 1 0 1 
0 0 1 0 1 0 0 0 1 1 0 1 0 0 0 0 1 1 1 0 0 0 0 0 1 1 1 0 1 0 0 0 0 1 0 1 1 0 1 0 0 0 0 1 0 0 0 0 1 0 
1 0 1 1 0 1 1 1 1 1 0 0 0 0 0 1 1 1 1 0 1 0 0 0 1 1 1 1 0 1 0 1 0 0 0 1 0 1 0 1 1 0 0 1 0 1 0 1 0 1 
0 1 1 1 0 1 0 1 0 1 1 0 0 1 1 0 1 1 0 1 0 0 0 0 0 1 1 1 1 0 1 1 1 1 1 0 1 1 1 0 1 1 1 0 1 1 1 0 0 0 
0 0 1 0 1 1 0 0 0 1 1 1 0 0 0 1 1 0 0 0 1 0 1 1 0 0 1 0 0 1 0 0 1 1 0 1 0 0 0 0 1 0 0 1 1 1 1 1 1 1 
0 1 1 1 1 1 1 1 0 1 1 0 0 0 0 0 0 0 1 1 1 1 1 0 1 1 1 0 1 0 0 1 1 0 0 0 0 1 0 0 1 0 0 0 0 0 0 0 0 1 
0 1 0 1 0 0 1 0 0 0 1 1 1 1 1 0 0 1 0 1 1 0 0 0 1 1 0 0 1 0 1 0 0 1 0 0 1 1 1 1 1 1 1 1 1 0 0 1 0 1 
1 1 0 1 1 1 0 0 0 1 0 0 0 1 1 0 1 0 0 0 1 1 0 1 0 1 1 1 1 0 0 0 1 0 1 1 0 1 0 1 1 1 1 1 0 1 1 1 1 1 
1 1 0 0 1 0 1 1 0 1 0 1 1 1 1 0 0 0 1 0 0 1 1 0 1 0 0 1 1 1 0 1 0 1 0 1 1 0 1 1 1 1 0 0 1 0 0 0 0 1 
1 0 0 0 0 0 1 0 0 1 0 1 0 1 0 0 1 1 0 0 0 1 1 1 0 1 0 0 0 0 1 0 1 1 0 0 0 1 1 0 1 1 0 0 1 1 0 1 1 0 
1 0 1 1 1 0 0 1 0 1 0 0 1 1 1 0 0 0 0 1 0 0 0 1 1 1 1 1 1 1 1 1 1 0 0 0 1 1 1 1 1 1 0 0 1 1 0 1 0 0 
0 1 0 1 1 0 1 0 0 1 1 1 0 0 0 0 1 0 0 1 0 1 0 0 0 1 1 0 0 1 1 1 1 1 1 1 1 0 0 1 0 1 1 0 0 1 0 1 0 0 
0 0 0 0 1 0 1 1 0 0 1 1 1 0 1 0 0 0 1 1 0 0 0 0 0 0 0 0 0 1 1 0 0 1 1 1 1 1 1 0 0 1 1 0 1 0 1 0 0 1 
1 1 1 1 0 0 1 1 1 1 1 1 1 0 0 0 1 0 1 0 0 0 1 1 1 0 1 0 0 0 0 0 1 1 1 1 1 1 1 1 1 0 0 1 1 1 0 0 0 1 
0 0 1 0 0 1 0 0 1 1 1 0 0 0 1 0 1 1 1 0 1 0 1 1 0 1 1 0 0 1 1 1 0 1 0 0 1 0 1 1 0 0 0 1 0 0 0 0 0 1 
0 0 0 0 1 1 1 0 0 1 1 0 0 1 0 1 0 1 1 0 1 1 1 1 0 0 0 0 1 0 1 0 1 0 1 1 0 0 1 1 0 0 1 0 1 1 1 1 1 1 
0 1 0 1 0 1 0 0 0 1 0 1 0 1 1 0 0 0 1 0 0 0 0 0 1 0 0 1 0 0 0 0 1 0 0 1 1 1 0 0 1 1 0 0 1 1 1 1 0 1 
1 1 0 0 1 0 1 0 1 0 1 0 1 1 0 1 0 1 1 0 0 1 0 0 1 0 0 0 1 0 1 0 0 1 1 1 0 1 0 1 0 1 1 0 0 1 1 0 1 0 
1 1 0 0 1 1 1 0 1 0 0 1 1 1 1 0 0 0 1 1 0 0 1 0 0 0 1 0 1 1 1 1 1 0 1 0 0 1 1 1 0 0 0 1 1 0 0 1 0 1 
0 1 1 1 0 0 0 1 0 1 1 0 1 1 1 1 1 1 0 1 0 1 1 1 1 0 0 0 0 1 1 0 1 1 0 1 0 1 1 0 1 1 0 0 1 1 0 1 0 1 
