50 70 5
221.0 328.0 305.0 277.0 269.0 197.0 270.0 247.0 319.0 353.0 297.0 369.0 289.0 210.0 192.0 250.0 251.0 341.0 267.0 221.0 179.0 332.0 274.0 342.0 250.0 313.0 207.0 330.0 275.0 281.0 167.0 180.0 276.0 169.0 249.0 243.0 251.0 290.0 252.0 318.0 185.0 193.0 296.0 243.0 289.0 197.0 284.0 244.0 231.0 369.0 
1.6 3.5 2.9 1.8 3.0 1.4 2.0 1.9 2.7 2.6 3.6 2.5 1.4 1.2 2.4 3.5 2.7 0.4 0.6 1.1 1.1 3.5 2.1 4.5 2.6 3.1 2.5 1.9 2.6 2.5 3.8 1.8 3.6 2.3 2.2 2.7 2.3 2.7 3.5 2.0 2.5 3.5 3.2 2.6 2.1 3.8 2.8 2.4 2.3 1.3 3.4 2.6 3.1 2.7 2.8 1.9 2.0 3.4 2.9 3.4 1.9 2.8 2.4 3.0 2.9 4.4 1.6 2.7 3.3 2.2 
0 0 0 0 0 0 1 0 1 0 0 0 1 1 1 0 0 1 0 1 1 0 0 1 0 0 0 0 0 0 0 0 1 1 0 1 0 0 1 0 0 0 0 0 1 0 0 0 1 0 1 1 0 0 0 1 1 0 0 1 1 0 1 0 0 1 0 1 1 0 
0 1 0 0 0 0 0 1 1 0 1 1 1 1 0 1 1 1 1 1 1 0 0 1 1 0 1 0 1 1 0 0 0 1 1 0 0 0 1 1 0 0 0 1 0 1 0 1 0 1 1 1 0 0 1 1 1 1 1 0 0 1 1 1 1 0 0 0 1 0 
0 0 1 0 0 0 1 0 1 1 0 0 1 1 0 1 1 1 0 1 0 1 0 1 1 1 1 1 1 0 0 0 0 0 1 1 0 0 1 0 0 0 0 1 0 1 0 1 1 1 1 1 0 1 0 1 1 0 1 1 0 1 0 0 1 0 0 0 1 0 
1 1 1 0 1 1 0 1 1 1 1 0 0 0 1 0 1 1 1 1 1 1 0 0 1 1 1 0 1 0 0 1 0 0 1 1 1 0 1 1 1 0 0 0 1 0 1 0 0 0 1 1 0 0 1 0 1 0 0 0 1 0 1 1 1 1 0 1 1 0 
0 0 1 0 1 0 1 1 0 0 1 0 1 1 1 1 1 1 1 1 1 1 1 1 1 1 1 1 1 0 1 1 0 0 0 1 1 1 1 0 1 0 0 1 1 0 1 0 1 0 1 0 0 0 1 0 1 0 1 0 1 1 1 0 0 1 0 0 1 1 
1 0 0 1 1 0 0 1 0 0 1 0 1 0 1 1 1 0 1 0 1 1 1 0 0 1 1 1 1 1 0 1 0 0 1 1 0 0 0 0 0 1 0 1 1 0 1 0 0 1 0 1 0 1 0 0 0 0 0 1 0 0 0 0 1 1 0 0 0 1 
0 1 1 1 0 1 0 0 0 0 0 0 1 1 0 1 0 1 0 0 0 1 0 0 0 0 0 0 1 0 0 1 0 0 0 0 1 1 0 0 1 1 1 0 0 0 1 0 0 1 0 0 1 0 0 1 0 1 0 0 0 0 0 0 1 0 0 0 1 0 
1 1 1 1 1 1 0 1 1 1 1 0 1 1 0 1 0 0 1 1 1 1 1 1 1 0 0 1 0 0 0 1 0 0 1 0 0 0 0 1 0 1 1 1 0 1 0 1 1 0 1 1 1 0 0 1 0 1 1 0 0 0 1 0 0 1 1 1 0 0 
1 0 0 1 0 0 1 0 0 0 1 1 0 0 0 1 0 0 1 1 1 1 0 1 0 0 1 1 0 0 1 1 1 0 0 1 0 1 0 1 0 0 1 1 0 1 1 0 0 1 0 1 1 0 1 0 0 0 0 0 1 0 0 1 0 1 1 1 0 1 
1 1 0 1 0 1 1 1 0 0 1 1 0 1 1 0 0 0 1 1 1 1 1 1 1 0 1 1 0 0 1 0 1 0 0 1 1 1 0 0 1 1 1 0 1 1 1 0 1 0 0 1 1 0 1 0 1 0 1 1 1 0 1 1 0 1 0 0 0 1 
1 1 1 0 1 1 1 0 0 0 0 0 1 1 1 1 1 0 0 0 0 1 1 1 1 1 1 1 0 1 0 0 1 1 0 1 0 0 1 1 1 0 1 1 0 0 0 0 0 1 0 0 1 1 1 0 0 0 1 1 0 0 1 1 1 0 1 1 0 1 
1 0 0 1 0 0 1 0 0 0 1 0 1 0 1 1 1 0 1 1 1 1 0 0 0 1 0 1 0 1 1 0 0 0 1 0 1 1 1 1 0 0 0 1 0 1 1 1 0 1 1 1 0 0 0 1 0 1 1 1 0 0 0 1 0 1 1 1 1 0 
1 0 1 1 0 0 1 1 1 1 1 1 0 0 1 0 0 0 0 1 1 1 1 0 1 0 1 1 0 1 0 0 0 1 1 0 1 0 1 1 1 1 1 1 1 1 1 0 1 0 0 1 1 0 0 1 1 1 1 0 1 1 1 1 1 1 0 0 0 1 
1 1 0 1 1 1 1 0 0 0 0 1 1 0 1 1 0 1 0 1 0 0 1 1 1 0 0 1 1 1 0 1 1 1 1 0 0 1 0 0 0 0 0 0 1 1 1 1 0 0 1 1 1 0 0 1 0 0 1 1 0 0 0 0 1 0 1 0 1 1 
0 1 1 0 0 0 1 0 1 1 1 0 0 1 1 0 0 0 0 0 0 1 1 0 0 0 0 0 0 0 0 0 0 0 0 0 1 0 1 0 0 0 1 1 1 1 0 1 1 1 0 0 0 1 1 1 1 1 0 0 0 1 0 1 0 1 0 0 0 0 
0 0 1 0 1 1 1 1 1 1 0 0 0 1 0 1 0 0 1 1 0 0 1 0 0 1 0 0 1 0 1 0 0 1 0 0 1 1 0 0 1 1 1 1 1 0 1 0 1 1 0 0 0 0 0 0 1 0 1 0 0 0 0 1 0 0 1 1 0 0 
1 0 0 1 0 0 1 1 0 0 0 0 0 0 1 1 0 0 1 1 0 0 1 0 0 0 0 0 0 0 1 1 1 0 0 0 1 0 1 1 0 1 0 1 0 1 1 1 0 0 1 0 0 0 0 0 0 0 0 0 1 1 1 1 1 0 1 1 1 1 
0 1 1 1 1 1 1 1 1 1 0 1 1 1 0 0 1 1 1 0 1 0 1 0 0 1 1 0 0 1 0 1 1 0 1 1 1 0 1 0 0 1 1 1 0 0 1 1 0 0 1 0 0 1 1 0 0 1 1 0 1 1 1 1 1 0 1 1 1 1 
0 1 1 0 0 0 0 1 1 0 1 1 0 1 1 0 0 0 1 0 1 1 1 0 1 1 1 0 0 0 0 0 0 0 1 1 0 1 0 0 1 0 1 0 0 0 0 0 0 0 1 0 0 1 1 0 1 0 0 0 0 1 1 0 0 1 1 0 1 0 
0 1 0 1 1 1 1 1 0 0 1 0 0 0 0 0 1 1 1 1 0 0 1 0 0 0 0 0 1 1 0 0 1 0 1 0 1 0 0 1 1 0 0 1 0 1 0 0 1 0 0 1 0 1 0 1 0 1 0 0 1 0 0 1 0 1 1 1 0 1 
0 0 1 1 1 0 1 0 0 1 0 0 1 1 0 1 1 0 1 0 0 1 0 1 1 1 1 0 1 1 1 0 0 0 0 1 1 0 1 0 0 0 1 0 1 0 1 1 0 0 0 0 0 0 1 0 0 0 1 1 0 1 1 1 1 1 0 1 0 0 
1 1 1 1 1 1 1 0 1 1 1 1 1 0 1 0 1 0 1 0 1 1 1 1 1 1 0 1 1 1 0 0 0 1 1 0 1 0 0 0 0 1 1 1 1 1 0 1 0 1 0 1 0 0 0 1 1 1 1 1 1 0 1 0 1 0 1 1 0 1 
1 0 1 0 0 1 1 0 0 1 0 1 1 1 1 0 0 1 0 0 1 1 0 0 0 0 0 0 0 1 0 0 1 1 0 0 0 0 0 1 1 0 1 1 1 0 1 0 1 0 0 0 0 1 0 0 1 1 1 1 1 1 1 0 1 0 0 0 1 1 
0 0 0 1 1 1 1 0 0 0 0 0 1 0 1 1 1 1 0 1 0 1 0 0 1 1 1 0 1 0 0 1 1 1 0 1 1 1 0 1 0 0 1 0 0 0 0 0 1 0 1 0 1 1 1 0 1 1 0 0 0 0 1 1 1 1 1 0 0 1 
0 1 0 0 0 1 1 0 0 1 1 0 0 0 1 0 0 1 0 1 1 0 0 1 0 1 1 0 0 1 1 0 1 1 1 1 0 0 1 1 1 0 1 1 1 0 0 1 1 1 0 1 1 0 1 1 1 0 1 1 0 0 1 1 1 0 0 1 0 0 
0 1 0 1 1 1 1 1 1 0 1 1 1 1 1 1 0 1 0 1 0 0 1 0 1 1 1 1 0 0 0 0 1 0 1 1 0 0 0 0 0 1 1 0 1 1 1 1 1 1 1 1 1 0 0 1 0 0 0 0 0 0 1 0 1 1 0 0 0 1 
1 0 1 1 1 0 1 1 0 0 1 0 1 0 0 1 0 0 0 0 0 0 1 1 0 0 1 1 1 1 1 1 0 0 1 0 1 1 0 0 0 0 1 1 1 1 1 0 1 0 0 1 0 0 0 1 1 1 0 1 0 1 1 1 0 0 1 1 1 0 
0 0 0 0 1 0 0 0 0 0 1 1 0 0 1 1 0 0 0 1 1 1 0 1 1 1 1 1 1 1 0 1 1 0 1 1 1 1 1 1 0 0 1 1 0 1 1 1 0 1 1 0 0 0 1 1 0 0 0 0 1 0 1 0 0 1 0 0 1 1 
1 0 0 1 0 1 1 1 0 1 0 1 0 1 1 1 0 1 1 0 1 1 1 1 0 1 0 0 0 0 0 0 0 1 1 1 0 0 0 1 1 1 0 0 1 0 0 1 1 1 1 0 1 0 1 0 1 1 0 1 1 1 0 1 1 1 0 0 1 1 
1 0 0 0 0 1 0 0 1 0 1 1 0 1 0 0 1 0 1 1 0 1 0 0 1 0 0 1 0 1 0 1 0 1 1 0 0 0 0 1 1 1 1 0 1 1 0 1 1 0 1 1 1 0 0 0 1 0 0 0 0 1 0 1 1 1 0 1 0 1 
0 0 1 1 0 0 1 1 1 1 1 0 0 1 1 1 1 1 0 1 1 1 0 1 0 0 0 1 1 0 1 0 0 0 1 0 0 1 0 0 0 0 1 0 0 0 1 1 1 0 1 1 0 0 1 1 1 0 1 0 1 1 1 0 0 0 0 1 1 1 
0 0 1 1 1 1 0 1 1 0 1 0 0 0 1 0 0 1 1 0 0 1 0 1 0 0 1 1 0 0 1 1 0 1 0 0 1 0 0 0 0 0 1 0 1 1 0 1 0 1 0 1 1 0 1 1 1 1 0 1 0 0 0 1 0 0 1 1 0 1 
0 0 0 1 1 1 1 0 1 0 1 1 0 0 1 1 0 1 1 0 1 1 0 1 0 0 0 0 0 1 0 0 1 1 1 0 0 1 0 1 1 0 1 1 1 1 0 1 0 0 0 0 0 0 0 1 1 1 1 0 1 1 1 0 0 1 0 0 1 0 
1 1 0 0 1 1 1 1 1 0 1 0 1 1 0 0 1 1 1 0 0 0 1 0 1 1 1 1 1 1 0 0 1 1 1 1 1 1 1 1 0 0 0 1 1 1 1 0 0 0 0 1 0 1 1 0 0 0 1 0 0 0 1 1 0 0 1 0 0 0 
1 1 1 0 0 0 1 0 1 1 1 0 1 0 1 1 1 0 0 1 0 0 0 1 1 1 0 1 1 0 0 0 0 0 1 1 0 0 0 0 1 1 0 0 0 1 0 1 0 1 0 1 0 1 0 0 0 1 0 1 0 0 1 0 1 0 1 1 0 1 
0 0 0 1 1 1 1 1 1 0 1 0 0 1 0 0 1 1 0 0 1 0 1 0 1 0 0 1 1 1 1 0 1 0 1 1 1 0 0 0 1 0 0 1 0 1 1 0 1 0 0 1 0 0 0 1 1 1 1 0 1 1 0 1 0 0 1 1 1 0 
1 1 1 1 0 0 0 1 0 1 0 0 1 0 0 1 1 1 0 1 0 0 0 1 1 1 1 1 1 0 0 1 0 0 1 1 0 1 0 0 0 1 0 0 0 0 0 0 0 0 0 0 1 0 1 1 0 0 0 0 0 1 1 0 1 0 1 0 1 0 
1 1 1 1 1 0 1 0 1 1 1 1 0 0 1 1 1 1 1 0 0 1 0 1 0 0 1 1 0 1 1 0 0 1 0 1 1 1 1 1 0 0 1 0 1 1 0 1 0 0 0 1 0 0 0 0 0 1 1 0 0 0 1 0 1 1 0 1 1 0 
1 1 0 0 1 0 0 0 1 0 0 1 0 0 0 0 0 1 0 1 1 0 1 1 0 0 1 1 1 1 0 1 1 0 0 1 1 1 1 1 1 0 0 1 1 1 1 0 1 1 1 1 0 0 0 0 0 0 1 1 1 0 0 1 1 1 0 1 1 0 
0 1 0 1 0 1 0 1 0 0 0 0 0 0 0 1 1 0 0 0 1 1 1 0 1 1 0 0 1 0 1 1 0 1 1 1 0 1 1 0 1 1 1 1 0 0 0 0 0 0 0 0 1 0 1 1 0 1 0 1 0 1 1 0 1 0 0 0 0 0 
1 0 0 0 1 1 1 0 0 0 0 1 1 1 1 0 1 1 1 1 0 1 0 1 0 0 0 0 0 1 0 0 1 0 1 1 1 1 0 1 0 0 1 0 1 0 1 1 1 1 1 1 0 0 1 0 1 0 0 0 1 0 0 1 0 0 1 1 0 0 
1 0 1 0 0 0 0 0 1 0 1 0 0 1 0 0 0 0 1 1 1 0 0 0 0 1 0 0 0 0 1 0 1 1 0 0 1 1 1 0 0 0 0 1 1 0 1 0 1 0 1 1 1 0 1 0 0 1 1 1 0 1 0 0 1 0 1 0 0 0 
1 1 1 0 1 1 0 1 0 1 1 1 0 0 1 1 1 0 1 1 1 1 1 1 1 1 1 0 1 1 0 0 1 0 0 1 0 1 0 0 1 0 0 0 0 0 1 0 1 0 1 1 0 0 0 0 0 1 1 0 0 1 1 1 0 0 1 1 0 1 
0 1 1 1 0 0 1 1 0 1 0 1 0 0 1 1 1 0 0 0 1 0 0 1 1 1 0 1 1 1 1 1 1 1 0 0 0 1 1 0 0 1 1 1 0 1 0 1 1 0 0 0 1 1 1 0 1 0 1 0 1 0 0 0 1 1 1 1 1 0 
0 1 0 0 0 1 0 1 1 0 1 1 0 0 0 1 0 1 1 0 0 0 1 1 0 1 1 0 0 0 1 0 1 1 0 1 1 0 0 0 1 0 1 0 0 1 0 0 0 1 1 0 0 0 0 1 1 1 0 1 0 0 1 0 0 1 0 0 1 1 
0 0 0 0 0 1 0 0 0 1 0 0 0 0 1 1 0 1 1 0 0 1 1 1 1 1 1 1 0 0 1 0 0 1 1 1 1 1 0 0 0 1 0 1 0 1 1 0 1 0 1 0 1 1 1 1 0 0 0 0 1 1 0 1 0 1 0 0 1 0 
1 0 0 1 1 1 0 0 0 0 1 0 1 0 0 1 1 1 1 1 0 0 0 0 0 0 1 1 1 1 1 1 0 1 1 1 1 0 0 0 0 0 0 0 1 0 0 0 1 0 0 0 1 1 0 1 0 0 0 0 1 1 0 0 0 1 0 1 0 1 
1 0 0 1 0 0 1 0 1 1 0 1 1 0 1 1 1 0 0 0 1 1 0 0 0 0 0 0 1 1 0 1 1 0 0 1 1 1 0 1 1 1 1 1 0 0 0 0 0 1 1 1 1 0 0 1 0 1 1 0 0 0 1 0 0 1 1 0 1 1 
0 0 1 0 0 1 0 0 0 0 1 1 1 0 1 1 1 0 1 0 0 1 0 1 0 0 1 0 1 0 0 0 1 0 1 1 0 0 0 1 1 0 0 0 1 0 1 0 1 1 1 1 1 1 0 0 0 0 1 0 0 1 0 0 0 0 1 1 0 1 
1 1 1 0 1 0 1 0 1 1 1 1 1 0 0 0 0 1 0 0 0 1 1 1 1 0 1 0 1 1 1 1 1 0 0 1 0 1 0 1 1 1 1 1 1 0 1 0 0 1 0 1 1 0 0 1 0 0 0 0 1 1 1 0 0 1 1 1 0 1 
