50 30 5
306.0 198.0 383.0 248.0 324.0 266.0 159.0 213.0 230.0 283.0 214.0 223.0 263.0 333.0 271.0 202.0 281.0 351.0 221.0 222.0 294.0 244.0 265.0 199.0 261.0 365.0 209.0 172.0 278.0 209.0 363.0 243.0 238.0 316.0 211.0 191.0 221.0 244.0 133.0 315.0 303.0 334.0 230.0 229.0 311.0 222.0 219.0 326.0 257.0 212.0 
2.7 2.4 4.2 4.0 1.8 2.6 -0.3 4.3 2.4 1.9 2.1 3.4 2.9 1.2 3.3 2.7 1.4 3.1 2.3 4.1 3.1 2.1 3.0 1.6 4.3 3.1 3.5 1.7 2.1 2.2 
0 0 0 0 1 0 1 1 1 0 1 0 1 0 1 1 1 1 1 1 0 1 0 0 1 1 0 1 0 0 
1 1 0 1 0 1 0 1 1 0 1 0 1 1 1 1 0 0 1 0 1 0 1 0 0 1 1 0 0 0 
1 0 0 0 1 1 0 0 0 1 1 1 0 1 1 0 0 0 1 0 1 0 0 0 0 0 1 1 1 0 
0 1 1 0 1 0 0 1 0 1 1 1 1 1 1 0 0 1 1 0 0 0 1 0 1 1 0 1 0 1 
1 1 0 0 1 0 0 0 0 1 1 0 0 1 0 0 0 0 0 0 1 1 0 1 0 1 0 1 0 1 
0 0 0 1 0 1 0 0 0 1 0 1 0 0 1 0 0 0 0 0 0 1 1 1 1 0 1 0 0 1 
1 0 0 0 0 0 1 0 0 0 0 1 1 1 0 1 0 1 1 0 0 0 1 0 1 0 0 0 0 1 
0 1 0 1 1 1 1 1 1 1 1 0 0 0 0 0 0 0 1 1 1 1 0 0 1 1 0 0 0 1 
1 0 0 1 0 1 1 0 1 0 0 1 1 1 0 0 0 0 1 0 1 1 0 0 0 0 1 0 0 0 
0 1 1 0 1 1 1 1 1 0 1 0 1 0 1 1 1 0 0 1 0 1 0 1 0 0 1 0 1 0 
0 0 1 1 0 0 1 0 1 0 0 1 1 1 1 0 0 1 0 1 1 1 1 1 0 0 1 0 0 0 
1 1 0 1 1 0 0 0 0 1 1 0 0 0 1 0 1 1 1 0 0 1 0 1 1 0 0 0 1 0 
0 1 0 0 0 0 0 0 1 1 1 1 1 0 0 1 1 0 0 1 1 0 0 0 0 0 0 0 1 0 
1 0 0 0 1 0 0 0 0 0 0 1 0 0 0 1 0 0 0 0 1 0 0 0 0 1 1 1 0 1 
0 0 1 1 0 0 1 0 0 0 1 1 0 1 1 0 0 0 0 1 0 0 1 1 1 1 1 1 0 1 
1 0 1 0 0 1 0 1 1 1 0 0 1 1 1 0 0 0 0 0 1 0 0 0 1 1 1 1 1 1 
1 1 1 0 0 1 1 1 1 0 0 1 0 1 0 1 1 1 0 1 1 0 1 0 0 1 1 0 1 0 
1 0 0 1 1 0 1 0 0 1 0 1 1 0 1 1 1 1 1 0 1 0 1 0 0 0 0 1 1 1 
0 1 0 1 0 0 1 0 1 0 0 1 1 0 0 0 1 0 0 1 1 0 1 0 0 0 0 1 1 0 
0 1 0 1 1 1 1 0 0 1 0 1 0 0 0 0 0 1 0 0 1 0 1 0 1 0 1 0 0 1 
1 0 0 0 1 1 0 1 1 1 1 0 1 0 1 1 0 0 0 0 1 0 1 1 0 1 0 0 1 0 
1 1 1 0 1 1 1 1 1 0 0 0 1 0 1 0 0 1 0 0 1 1 0 0 1 0 1 0 0 0 
0 0 0 0 0 1 1 0 0 0 1 0 0 1 1 1 0 1 1 1 0 0 0 0 1 0 0 0 1 0 
0 1 0 1 0 0 0 1 0 1 0 1 0 1 1 1 1 0 1 1 1 0 0 1 0 1 0 0 1 1 
1 1 0 1 0 1 1 0 1 0 0 1 0 1 0 0 0 1 1 1 1 1 1 0 1 1 0 1 0 1 
0 0 0 0 1 0 1 0 1 0 0 0 0 0 0 1 1 0 0 1 1 0 1 0 0 0 0 0 0 1 
1 1 0 1 0 1 0 1 0 1 0 0 1 1 0 1 0 0 0 0 1 1 1 1 1 0 0 1 0 1 
0 1 0 1 1 0 0 1 0 1 0 1 0 0 1 1 0 1 0 0 1 1 1 1 1 1 0 0 0 0 
1 1 0 1 1 1 1 0 1 0 0 1 0 0 0 0 1 1 0 0 0 1 0 0 0 0 0 0 0 1 
0 0 1 1 1 0 1 1 1 1 1 0 1 0 0 0 0 1 0 0 1 0 0 0 1 1 1 1 1 0 
1 0 0 0 1 1 1 0 0 1 0 0 1 0 0 0 1 1 1 0 1 1 1 1 0 1 1 1 1 1 
1 0 0 1 1 1 1 0 1 0 0 1 0 1 0 0 0 0 0 1 1 1 0 0 1 0 1 1 0 0 
1 1 1 0 0 1 1 1 0 1 0 1 1 1 1 1 0 1 1 0 1 1 1 1 0 1 1 0 1 0 
0 1 0 1 1 1 1 0 1 1 0 0 0 0 0 0 1 0 1 0 1 0 1 1 1 0 1 0 1 1 
0 1 0 0 0 1 0 0 1 1 0 0 0 1 0 1 0 0 1 1 1 1 1 0 1 0 1 0 0 1 
0 0 0 1 0 0 0 1 1 1 0 1 0 0 0 0 0 0 0 0 0 1 0 0 1 1 1 1 0 1 
1 1 1 0 0 0 0 1 0 0 1 0 1 1 1 1 1 1 0 1 1 0 0 1 0 0 0 0 0 1 
0 0 0 1 0 1 1 0 0 0 0 1 0 0 0 0 1 0 0 1 0 1 1 1 0 1 0 1 0 1 
0 1 1 0 1 1 0 1 0 0 0 0 1 0 0 0 1 0 1 0 1 0 0 1 1 0 1 0 1 0 
1 0 1 0 1 1 1 0 1 0 0 0 0 1 1 1 1 0 0 1 1 1 1 0 0 0 1 0 1 1 
1 0 1 0 1 1 0 0 0 0 1 1 0 1 1 1 0 1 1 1 0 1 1 1 1 0 1 0 1 0 
1 1 1 1 1 0 1 0 1 0 1 0 1 1 1 1 0 1 1 0 1 1 0 1 1 0 1 0 0 0 
1 1 0 1 1 1 0 0 1 1 0 0 0 1 1 0 1 1 1 1 0 0 0 1 0 0 1 0 1 1 
1 0 0 0 1 1 1 1 0 1 0 0 1 0 1 1 1 0 1 0 0 0 0 0 1 1 0 1 0 1 
1 1 1 0 1 0 0 1 0 0 0 0 1 0 1 0 1 0 1 1 0 0 0 1 0 0 0 1 0 0 
1 1 0 0 1 1 1 0 0 1 1 1 0 1 0 0 1 1 1 1 0 1 1 0 1 1 1 0 1 0 
0 0 0 1 0 0 0 0 0 1 0 0 0 1 0 1 1 1 1 0 1 0 0 0 0 1 0 1 1 0 
0 0 0 0 0 1 0 0 0 1 0 1 0 1 1 1 1 0 0 0 1 0 0 1 1 0 1 0 0 1 
0 1 0 1 0 0 0 1 1 1 1 1 0 1 0 1 0 0 0 1 1 0 1 0 0 0 1 1 0 1 
1 1 1 0 0 0 1 0 0 1 0 0 0 0 1 0 1 0 0 1 0 0 0 1 0 1 0 1 0 1 
