50 70 6
261.0 279.0 332.0 269.0 248.0 164.0 207.0 267.0 269.0 257.0 266.0 247.0 230.0 273.0 246.0 217.0 256.0 319.0 172.0 208.0 243.0 272.0 259.0 172.0 307.0 311.0 227.0 243.0 208.0 274.0 271.0 308.0 157.0 163.0 265.0 310.0 201.0 196.0 270.0 182.0 219.0 238.0 219.0 142.0 253.0 200.0 192.0 250.0 203.0 253.0 
3.5 3.1 3.0 3.6 3.6 4.1 1.4 2.1 3.2 4.7 2.5 2.9 1.5 3.4 1.4 3.1 2.2 2.2 2.3 2.9 2.0 2.6 3.7 3.4 3.7 2.5 3.7 2.4 3.1 2.0 3.2 3.0 4.0 3.5 3.3 2.2 3.7 3.6 3.8 2.7 4.1 2.0 2.4 3.9 2.5 3.9 2.0 5.2 2.8 4.4 2.3 2.6 2.4 3.4 2.7 3.7 2.9 2.2 3.8 2.5 3.4 3.7 3.2 3.0 2.2 3.1 2.3 5.1 2.4 2.7 
0 0 1 1 0 1 1 1 1 0 0 0 0 1 0 0 1 0 1 1 1 0 1 1 0 0 0 0 1 1 1 0 1 0 0 0 0 0 1 1 1 0 0 1 1 1 0 0 0 0 1 0 1 1 1 0 0 0 1 0 0 1 0 1 1 0 1 0 1 1 
0 0 1 1 0 1 1 1 1 0 1 1 0 1 0 1 0 1 0 0 1 0 0 1 1 0 1 0 0 0 0 0 0 1 1 0 1 0 0 1 0 1 1 1 1 0 1 1 1 0 0 1 1 1 0 1 0 0 0 1 0 1 1 1 1 1 0 0 0 1 
1 0 0 0 1 1 1 0 1 0 0 0 1 1 0 0 0 1 0 1 1 0 1 0 0 0 0 0 0 1 0 1 1 0 1 1 1 1 0 0 0 1 0 0 1 0 1 1 1 0 0 1 0 1 0 0 0 0 0 0 1 1 1 0 0 1 1 0 0 0 
0 1 0 0 0 0 0 1 0 0 0 1 1 0 1 1 1 1 0 0 1 1 1 0 1 1 1 0 0 1 1 0 1 0 0 1 1 0 0 1 1 1 1 0 1 0 1 0 1 1 0 0 0 0 1 0 0 0 0 0 0 0 1 0 0 0 0 0 1 0 
0 0 1 0 0 1 1 1 1 0 1 1 0 1 1 0 1 1 1 0 0 1 0 1 0 0 1 0 1 0 1 0 0 0 1 0 1 0 0 0 1 0 0 0 1 0 0 1 0 1 0 1 0 1 1 1 0 1 0 1 0 0 0 0 1 1 0 1 0 0 
0 1 1 1 1 0 0 1 0 1 0 0 0 1 1 0 0 0 1 1 0 1 0 1 0 1 0 0 0 0 1 1 1 0 0 0 0 1 1 0 0 0 0 1 0 0 0 0 0 0 0 0 0 0 0 0 1 0 1 0 1 0 1 1 1 1 1 1 1 0 
1 0 0 0 0 1 1 0 0 0 1 0 1 1 0 1 1 1 0 1 1 0 0 1 1 1 1 0 0 1 0 0 1 1 0 0 1 1 0 1 1 1 0 0 1 1 1 1 1 1 1 1 0 0 1 0 1 1 0 1 0 0 1 0 1 0 1 1 1 0 
0 1 0 0 1 1 1 0 1 1 1 1 0 0 0 1 1 1 0 0 1 1 1 1 1 0 1 0 0 1 1 0 0 1 1 0 0 0 0 1 1 1 1 1 1 1 1 0 0 1 0 0 0 1 1 1 1 1 0 1 1 0 1 0 1 0 1 1 0 1 
0 0 1 1 1 0 1 0 0 0 1 0 0 1 0 1 0 1 1 0 0 0 1 0 1 1 1 0 1 0 0 0 1 1 1 0 1 1 1 0 0 1 1 1 0 0 1 0 0 0 1 1 0 1 1 0 1 1 0 0 0 0 1 1 0 1 0 1 1 0 
0 1 1 0 0 1 0 1 1 0 1 0 1 0 1 1 0 1 1 0 0 1 1 0 1 1 0 1 1 1 1 0 1 1 0 0 0 0 1 0 1 0 0 1 0 1 0 0 0 1 1 0 0 1 0 0 0 1 0 1 1 1 0 0 1 1 1 0 1 0 
0 0 1 1 1 1 0 0 1 0 0 0 0 0 1 1 1 1 0 0 1 1 0 0 1 0 0 0 1 0 0 1 0 1 1 1 0 0 0 0 1 0 1 1 0 1 1 0 0 0 1 1 1 0 1 1 1 1 1 0 0 1 0 1 1 0 0 1 0 1 
1 1 0 1 1 0 0 0 0 1 0 0 1 1 0 0 0 1 1 1 1 0 0 1 1 0 1 1 1 0 1 0 0 0 1 1 1 0 1 0 0 0 0 1 1 1 1 0 0 0 0 1 0 0 1 0 0 1 0 0 0 1 0 0 0 1 0 0 0 1 
0 0 0 1 1 0 0 1 1 1 1 0 0 0 0 0 1 1 0 0 1 1 0 1 1 0 1 1 0 0 1 1 0 1 1 1 0 1 1 0 0 1 0 1 0 0 1 1 0 0 0 1 0 0 1 1 1 1 1 0 1 0 0 1 0 0 0 0 0 1 
0 1 0 1 1 1 1 0 1 1 1 0 1 0 1 0 1 1 0 1 1 0 1 1 0 0 1 0 0 1 0 1 0 0 1 0 1 1 0 1 0 1 0 0 0 1 1 0 1 1 0 0 1 0 0 1 1 1 1 1 0 0 1 0 0 1 1 1 1 0 
0 0 1 1 1 1 0 0 1 1 0 0 0 1 0 0 1 0 0 1 0 1 0 0 0 0 1 1 0 0 0 0 0 0 0 1 0 1 0 1 0 0 0 1 1 0 0 1 1 0 1 1 1 1 1 1 1 1 0 0 1 1 0 0 1 0 1 1 0 1 
0 1 0 1 0 1 0 1 1 1 1 1 0 1 0 1 1 1 1 0 0 1 0 0 0 0 0 0 0 0 1 1 0 0 0 1 0 0 0 1 1 1 0 1 0 1 1 1 1 1 1 0 1 1 1 1 0 0 0 1 1 0 0 1 0 0 0 0 1 1 
0 1 0 0 1 1 0 1 1 1 0 1 0 1 0 0 0 1 1 0 0 0 0 0 0 1 0 1 0 0 0 0 0 0 0 1 1 1 1 1 1 1 0 1 1 1 1 0 1 0 0 1 0 0 0 0 0 1 1 1 0 0 1 0 0 0 1 1 1 1 
0 0 0 1 0 0 1 1 1 0 1 0 1 1 1 0 1 0 0 0 0 0 1 0 0 1 1 1 1 0 1 0 1 1 1 1 1 0 1 0 1 1 1 0 0 0 0 1 0 0 0 1 0 0 0 1 1 0 1 0 1 1 0 0 1 0 1 1 1 0 
1 0 0 0 0 0 0 1 1 0 1 0 1 1 0 1 1 1 0 0 0 1 0 0 1 0 0 0 1 1 0 1 1 0 1 1 0 1 0 0 0 0 1 1 0 1 1 0 0 1 1 0 0 1 1 1 1 1 0 0 1 0 1 1 0 1 0 0 1 0 
0 0 0 0 0 0 0 1 1 1 0 0 0 0 1 1 1 0 1 0 1 1 1 0 0 1 1 0 1 0 0 0 0 0 0 1 1 1 0 1 1 1 0 0 0 1 0 0 1 0 1 0 0 0 1 0 0 1 0 0 0 0 1 0 1 0 0 1 1 1 
1 1 0 1 1 1 1 1 1 1 1 0 1 1 1 1 0 0 0 1 1 1 1 1 0 1 1 0 1 1 1 1 0 0 1 0 0 0 1 1 1 0 0 1 0 1 0 0 0 1 1 1 1 0 0 0 0 1 1 1 0 1 0 1 0 1 1 0 1 1 
0 0 0 1 1 1 1 0 1 1 1 0 0 0 1 0 0 0 0 0 1 0 0 1 1 1 1 0 0 1 1 1 1 1 0 1 1 0 1 0 1 0 0 0 1 1 1 0 1 0 0 0 0 0 1 0 1 0 1 0 0 1 1 0 1 0 1 0 1 0 
1 0 0 0 0 0 0 0 1 1 1 1 0 0 0 0 0 1 0 1 0 0 1 1 1 0 1 1 0 0 0 1 1 0 0 1 0 1 1 0 0 0 1 1 0 0 1 0 0 0 1 0 1 1 0 0 0 0 1 0 1 0 0 1 1 1 1 1 1 0 
0 0 0 1 0 1 1 1 0 0 1 1 0 0 0 1 1 0 1 0 1 0 0 0 0 0 0 1 0 0 1 0 0 0 0 1 1 0 0 0 0 0 0 1 0 1 0 1 1 0 1 1 1 1 1 0 0 1 1 0 1 0 1 0 1 0 1 1 0 0 
0 1 0 0 0 0 1 0 0 0 1 1 0 0 0 0 1 1 0 1 0 0 1 1 0 0 1 0 1 0 0 0 0 0 1 0 0 1 1 1 0 0 0 1 1 1 0 1 0 0 0 1 0 0 1 1 1 0 1 1 0 0 1 1 1 1 1 1 0 1 
0 1 1 0 0 0 1 0 0 1 0 1 1 0 1 0 1 0 1 1 1 0 1 0 0 1 0 1 0 0 1 1 0 0 0 1 0 1 1 1 1 1 1 0 1 0 1 0 1 1 0 1 1 1 1 1 1 1 0 0 0 0 1 1 0 1 0 1 1 1 
0 0 0 0 0 0 0 1 1 0 0 0 1 0 0 0 0 1 0 1 0 1 1 1 0 1 1 1 0 0 1 0 1 1 0 1 1 0 0 0 1 1 0 1 1 1 0 1 0 0 1 1 1 0 1 1 0 0 1 1 1 0 1 0 0 1 1 1 1 1 
0 1 1 0 1 1 0 1 1 1 0 0 0 0 0 0 0 0 0 1 0 1 1 1 1 0 0 0 0 0 0 1 0 0 1 0 0 0 1 1 0 1 1 1 0 1 0 0 0 0 1 0 0 0 1 0 0 0 0 0 0 0 0 0 0 0 0 0 1 0 
0 0 0 0 0 0 0 1 1 0 0 0 0 1 1 0 0 0 0 0 1 1 0 0 0 0 0 1 1 1 0 1 0 0 1 0 0 0 0 1 0 1 0 1 0 1 0 1 1 1 0 1 0 0 1 1 0 1 1 1 1 0 1 0 0 1 1 1 0 0 
0 0 1 1 1 1 0 1 1 1 1 1 1 0 1 0 0 1 1 0 1 1 0 1 0 1 0 1 0 0 1 0 0 0 1 1 1 1 1 0 1 0 1 0 0 0 1 0 0 0 0 0 1 0 0 1 0 0 0 1 1 0 1 0 0 1 0 1 1 1 
0 1 1 1 0 0 1 1 1 1 0 0 1 0 0 0 1 0 0 0 1 1 0 1 0 1 0 0 1 0 0 1 1 0 1 1 0 1 1 1 0 0 1 0 0 0 1 0 0 0 1 1 1 0 0 0 0 1 1 1 0 1 0 0 1 0 1 1 1 0 
1 0 1 0 1 0 1 1 1 1 0 0 1 0 1 0 0 1 1 1 0 1 1 0 0 1 0 0 1 0 1 1 1 1 0 1 1 0 0 1 1 1 1 0 0 1 1 0 0 0 1 1 0 1 0 0 0 1 1 0 0 1 1 1 0 1 1 1 1 1 
1 1 0 1 1 1 1 0 1 0 0 1 1 0 0 1 0 1 0 1 0 0 0 0 0 1 1 0 1 0 1 1 1 0 1 1 1 1 1 1 1 0 0 1 0 1 1 1 1 0 0 0 1 1 0 0 1 0 1 1 1 1 1 1 0 1 0 0 0 1 
1 0 1 1 1 1 0 0 0 1 1 1 1 0 1 1 1 0 1 0 1 0 0 1 1 0 1 0 1 1 0 0 1 0 0 1 0 0 0 0 1 0 0 0 0 1 1 0 1 0 0 1 0 1 1 1 0 0 1 0 0 1 0 1 0 0 1 1 1 0 
1 1 1 0 1 0 1 0 1 1 0 0 1 1 0 1 0 0 0 1 1 1 0 0 1 0 1 0 0 1 0 0 0 0 1 1 1 1 1 1 0 1 1 0 0 1 1 0 0 0 1 1 0 0 0 1 1 1 1 0 0 0 0 1 0 0 1 1 0 0 
0 1 1 0 0 0 1 0 0 1 1 0 0 0 1 0 0 0 1 1 0 0 1 1 0 0 1 1 0 1 0 0 0 1 1 1 0 0 0 0 1 0 0 0 1 0 0 0 1 1 0 0 0 1 1 1 1 1 1 0 0 0 1 0 1 0 1 0 0 1 
1 1 1 1 1 1 1 0 1 0 0 1 1 0 0 0 0 1 0 0 1 1 0 1 1 1 1 1 0 0 0 1 1 0 0 0 0 0 0 0 0 0 0 1 0 0 1 0 0 0 1 1 1 1 0 1 0 1 1 1 1 1 1 1 1 0 0 1 1 1 
0 0 0 0 0 0 1 1 1 0 0 1 0 1 0 0 1 0 0 0 0 1 0 1 0 0 1 1 1 0 1 0 0 1 0 0 0 1 0 0 0 0 1 1 1 1 0 1 1 0 0 0 1 1 1 1 1 1 1 0 0 1 0 0 0 0 0 1 0 0 
1 1 1 1 0 0 0 1 0 0 1 1 0 1 1 1 1 1 0 0 0 0 0 1 1 1 0 1 1 1 0 0 0 1 1 0 0 1 0 0 1 1 1 0 1 1 1 0 1 1 0 0 1 1 1 0 1 0 0 1 1 0 1 0 0 1 0 0 1 0 
1 1 1 0 0 1 1 1 0 1 1 0 1 0 1 1 0 0 0 1 0 1 1 1 0 0 1 0 0 1 1 1 1 0 0 1 1 0 0 0 0 1 1 0 0 1 1 0 1 0 1 1 1 0 1 0 1 0 0 0 1 0 1 0 0 0 0 1 1 0 
1 0 1 1 1 1 1 1 0 0 1 1 1 1 1 1 1 0 0 1 1 0 0 0 1 0 0 0 0 0 0 0 1 0 0 1 0 0 1 1 0 1 0 1 1 1 0 0 1 0 0 0 1 0 1 1 0 1 0 1 0 0 1 0 1 1 0 0 0 0 
0 1 1 0 0 1 1 1 0 0 1 1 1 0 0 1 1 1 0 1 1 0 1 0 1 1 1 1 0 1 1 1 0 0 1 1 0 0 0 1 1 1 1 1 1 1 0 1 1 1 1 1 1 0 0 0 0 1 1 0 1 0 0 0 1 1 1 1 0 0 
0 1 1 1 1 1 0 1 1 1 1 1 1 0 1 1 0 0 1 0 1 1 1 1 0 0 0 1 0 1 0 0 0 0 1 1 0 1 0 0 1 1 1 1 0 1 1 1 1 1 0 1 1 1 0 0 0 1 1 1 0 1 0 1 1 0 1 1 0 0 
0 0 0 1 1 0 0 1 0 1 1 0 0 0 1 1 1 1 1 1 1 1 1 1 0 0 0 1 1 1 1 0 0 0 0 0 0 0 0 1 1 1 0 0 1 0 1 1 1 0 1 1 1 0 1 1 1 1 0 0 0 1 1 1 0 1 0 1 1 0 
0 0 1 1 0 0 1 1 0 0 1 0 0 0 1 1 0 1 1 1 0 1 1 0 0 0 1 0 1 0 1 1 1 1 0 0 0 0 0 0 1 1 0 0 0 1 0 0 1 1 0 0 1 1 1 1 1 1 1 0 1 0 0 1 1 1 0 0 1 1 
1 0 1 0 1 1 1 0 0 0 0 1 0 0 1 0 1 1 1 1 0 0 1 1 0 0 0 0 0 0 0 0 1 1 1 0 1 0 0 1 0 1 0 1 0 1 0 0 1 0 1 1 1 0 1 1 0 1 0 1 1 1 0 0 1 0 1 1 0 0 
1 0 1 1 0 1 0 0 0 1 0 0 1 0 1 1 0 1 1 1 1 0 1 1 1 1 1 1 1 0 1 0 0 0 1 1 1 0 0 0 0 1 0 1 1 0 0 1 0 0 1 0 0 1 0 1 0 0 0 1 1 1 1 1 0 0 1 1 1 0 
1 0 0 1 1 1 1 1 1 1 0 1 1 1 0 1 1 0 0 1 0 0 1 1 1 0 0 0 0 0 1 1 1 1 0 0 0 0 0 1 1 0 1 1 0 1 1 0 0 1 1 0 1 0 1 1 0 0 1 0 1 1 1 0 1 0 1 1 0 1 
0 1 0 1 0 1 0 1 1 1 0 0 1 0 1 0 0 0 1 0 0 0 1 0 0 1 0 0 0 0 0 0 0 1 1 1 1 0 0 1 1 1 0 1 1 1 1 1 0 0 1 0 1 0 0 0 1 1 1 1 0 0 0 0 0 0 0 0 1 1 
1 1 1 1 1 0 0 1 0 0 1 1 1 1 0 1 0 0 0 0 1 1 0 0 1 1 0 1 0 0 0 1 1 0 0 1 0 1 1 0 1 0 1 0 1 1 1 0 1 1 0 1 0 0 1 0 0 0 0 1 0 1 0 0 1 1 1 0 0 1 
