50 50 6
175.0 187.0 110.0 172.0 212.0 178.0 295.0 247.0 312.0 310.0 256.0 215.0 270.0 289.0 158.0 158.0 269.0 265.0 291.0 252.0 155.0 259.0 233.0 305.0 217.0 241.0 336.0 223.0 175.0 333.0 184.0 222.0 279.0 241.0 238.0 186.0 221.0 233.0 362.0 205.0 279.0 301.0 186.0 309.0 318.0 245.0 279.0 278.0 329.0 234.0 
3.7 1.8 3.3 2.8 2.2 4.4 4.7 2.9 3.0 2.0 2.3 3.8 1.6 3.4 2.6 3.1 1.5 3.3 3.5 2.5 3.2 4.5 1.3 1.6 2.8 2.4 3.3 3.8 3.6 1.3 3.4 3.2 3.1 3.3 3.7 4.7 4.4 3.6 2.7 2.9 4.2 3.2 3.5 4.0 2.9 2.6 3.3 3.5 2.8 3.8 
0 1 1 1 1 1 1 0 0 0 1 0 0 0 1 1 1 0 0 1 1 0 1 1 0 1 1 1 1 0 1 1 0 1 1 0 0 0 0 1 0 1 1 1 0 0 1 1 0 0 
1 1 0 1 1 1 0 1 1 0 1 1 0 1 0 1 0 0 1 0 0 0 0 0 0 1 0 1 1 1 0 1 1 1 1 1 1 0 0 1 1 1 1 1 0 0 0 0 1 0 
1 0 0 0 1 0 1 0 0 0 1 0 1 0 0 1 0 0 1 1 1 0 0 1 1 1 1 1 1 0 0 0 1 0 1 0 1 1 0 1 1 1 0 1 0 1 0 0 1 1 
0 1 1 1 1 0 0 0 1 0 1 0 1 0 0 1 1 1 1 0 0 0 0 0 1 1 1 0 0 0 1 1 0 0 0 1 0 0 1 1 0 1 0 0 0 1 1 1 1 1 
1 1 1 1 1 1 0 0 0 0 1 0 0 1 1 1 1 0 0 1 1 1 1 0 0 1 1 1 1 0 1 1 0 1 0 1 0 0 0 1 0 1 1 0 0 0 0 0 0 0 
0 1 0 1 0 0 1 1 1 1 0 0 1 0 1 0 0 0 1 0 1 0 0 0 1 1 0 0 0 1 1 0 1 1 1 0 0 1 1 1 1 1 1 1 0 1 0 0 0 0 
0 0 0 1 1 0 1 0 0 0 1 1 0 1 0 0 1 0 1 0 1 0 1 0 0 0 1 0 0 1 0 1 0 0 1 1 0 0 0 1 1 1 1 1 0 0 1 1 0 1 
1 0 1 1 0 1 0 1 0 0 1 0 1 1 0 0 0 0 1 0 1 1 1 0 1 1 0 1 0 0 0 1 1 1 1 0 0 1 1 1 1 1 1 1 1 0 0 0 1 1 
0 1 1 1 0 0 1 1 0 0 0 1 1 0 1 1 0 1 0 1 1 1 0 0 0 1 0 1 1 0 1 1 1 1 1 1 0 1 0 0 1 1 1 0 0 0 1 1 0 0 
0 0 1 0 0 1 0 1 0 1 0 0 1 0 0 1 1 0 0 0 1 0 1 1 0 1 1 1 0 0 0 1 0 1 0 1 1 0 1 1 1 1 1 0 1 0 0 1 1 0 
0 0 0 1 1 0 0 1 0 1 0 1 0 0 1 0 0 0 1 1 1 0 0 1 1 0 1 0 1 1 1 1 0 0 0 1 1 1 1 1 0 0 0 1 0 0 1 1 0 0 
1 0 0 1 1 0 1 1 1 1 1 0 1 0 0 1 1 0 1 1 1 1 0 1 1 1 1 1 0 0 1 1 1 0 0 1 1 1 1 0 1 0 1 0 1 1 1 1 0 1 
1 1 0 0 0 0 1 1 0 1 0 0 1 0 0 1 1 0 0 0 0 0 0 0 0 0 1 0 1 1 0 0 1 1 1 1 0 0 0 1 0 0 0 1 1 0 0 0 1 0 
1 0 1 1 1 0 1 1 0 0 0 0 1 1 1 1 1 1 0 0 0 1 1 0 0 0 0 0 0 1 0 1 1 0 0 0 1 1 0 0 1 0 1 0 0 1 1 1 1 1 
0 0 0 1 1 0 0 1 1 1 0 1 0 0 0 1 1 1 0 0 0 0 1 1 1 0 1 1 1 1 1 0 0 1 0 0 1 1 0 1 0 0 0 0 0 1 0 1 0 1 
1 0 0 1 1 0 0 0 0 0 0 0 0 0 0 1 1 1 1 1 0 0 0 0 0 1 1 1 1 1 0 0 0 1 1 0 0 1 0 1 1 0 0 1 1 1 0 0 0 0 
0 1 0 1 0 1 1 1 1 1 0 0 1 0 0 0 0 1 0 0 1 0 0 1 0 1 0 1 0 1 1 0 1 0 0 0 0 0 0 1 0 1 1 1 1 0 1 0 1 1 
1 1 0 0 1 1 1 1 1 1 0 1 1 0 0 1 1 1 1 0 1 1 0 0 0 1 0 1 1 1 1 0 1 0 1 1 0 1 1 0 0 0 0 0 0 1 1 1 1 0 
0 0 0 1 0 1 0 1 1 0 1 0 1 0 1 1 1 0 0 1 0 1 0 1 1 1 0 0 0 0 1 0 0 0 0 1 1 1 0 0 0 1 0 0 1 1 0 1 0 0 
0 1 0 0 0 1 1 0 0 0 1 1 0 1 0 1 0 0 1 0 1 0 0 1 0 0 1 0 1 1 1 1 0 1 1 0 1 0 1 1 1 0 1 0 1 0 0 0 1 0 
1 1 1 1 1 0 0 0 0 1 1 1 1 1 0 1 1 0 0 1 0 1 0 1 1 0 0 0 0 1 0 1 0 0 1 1 1 0 1 0 1 0 0 1 0 1 0 0 0 1 
0 1 1 1 0 1 0 1 0 0 0 1 1 1 1 0 1 0 0 0 1 0 1 0 1 1 0 0 0 1 0 1 0 1 0 1 0 1 1 1 0 0 0 0 1 1 0 1 1 1 
0 0 1 1 1 1 1 1 0 1 0 0 0 1 0 0 1 0 1 1 1 0 0 1 0 1 1 0 0 1 1 0 0 1 0 1 1 0 0 0 1 1 1 0 0 0 1 0 0 1 
0 1 0 1 0 1 0 0 1 1 1 1 1 0 0 0 0 1 1 0 0 1 0 1 1 1 0 0 1 0 0 0 1 0 0 1 0 0 0 1 1 0 1 1 1 1 0 0 0 0 
0 0 0 1 0 1 0 0 1 1 1 1 0 1 0 0 1 0 1 0 0 0 1 0 0 1 1 0 0 1 0 1 1 0 1 1 0 0 1 0 0 0 1 1 0 1 1 0 0 0 
0 1 0 0 0 0 1 0 1 0 1 1 1 0 1 1 1 0 0 1 0 1 1 0 1 0 0 0 1 0 1 0 1 0 1 1 0 0 1 1 0 0 0 1 0 0 1 1 1 0 
1 1 1 1 1 1 1 1 0 0 1 0 1 0 0 1 0 1 1 1 1 1 0 1 0 1 1 1 1 0 1 1 0 1 0 1 0 1 0 0 1 0 0 1 0 1 0 0 0 1 
1 1 0 0 0 0 1 0 1 0 0 0 0 0 1 1 1 0 0 1 1 1 1 0 0 0 0 0 1 1 1 1 1 0 1 1 1 1 0 0 1 0 0 0 1 1 0 0 1 0 
0 1 1 0 1 0 0 1 0 1 0 0 0 1 0 0 1 0 1 0 0 1 1 0 0 0 0 1 0 1 0 0 0 0 0 0 0 0 1 0 0 1 0 1 1 0 1 1 0 1 
1 1 0 1 0 1 1 0 1 0 1 1 0 0 0 0 0 1 0 1 1 1 1 0 0 1 0 1 1 1 0 1 0 1 0 1 1 1 1 0 1 0 0 0 0 0 1 0 0 1 
1 0 0 0 1 1 0 0 1 1 1 0 1 1 0 1 1 0 0 1 0 1 0 0 0 1 0 1 0 1 0 1 0 1 0 0 1 0 1 1 0 1 0 1 1 0 0 1 0 1 
1 0 1 1 0 0 1 1 0 1 1 0 0 1 0 1 1 0 0 1 0 0 0 0 1 0 1 0 1 1 0 1 0 0 0 1 1 1 1 1 0 0 0 1 0 1 0 1 0 1 
0 0 1 1 1 0 0 0 1 1 0 0 0 0 1 1 0 0 0 0 0 0 0 0 0 1 0 0 1 0 0 1 1 1 0 0 0 0 1 1 1 0 1 0 0 1 0 0 1 1 
0 1 0 0 1 1 0 0 1 0 0 0 0 1 0 1 0 1 1 1 1 1 1 1 0 1 1 0 0 1 1 1 0 0 0 1 1 0 1 1 0 0 0 0 0 1 1 1 0 1 
0 0 1 0 0 1 0 1 1 1 0 0 0 1 1 0 1 1 1 0 1 1 0 0 0 0 1 1 1 1 1 0 0 0 1 0 0 1 1 1 1 0 0 1 1 1 1 0 0 0 
1 0 1 0 1 1 0 1 0 1 0 1 1 1 1 0 1 0 0 0 1 1 0 1 0 1 0 1 1 0 0 1 0 1 1 0 1 1 1 1 0 1 0 1 1 1 0 1 0 1 
1 1 1 0 1 0 1 0 0 1 1 1 0 0 1 1 1 0 0 0 1 0 1 1 0 1 0 1 1 0 0 1 0 1 0 0 1 1 1 1 1 1 0 0 0 1 0 1 0 0 
0 0 0 1 0 0 1 1 1 1 1 1 0 0 1 0 0 0 1 0 0 0 1 0 1 1 0 0 0 1 1 1 1 1 0 1 0 1 1 1 0 1 0 1 1 0 1 0 0 1 
0 1 0 0 1 1 1 1 1 1 1 1 0 0 0 1 0 1 1 0 0 0 1 1 1 0 1 0 1 0 0 0 0 0 0 1 0 0 1 0 1 1 1 0 1 1 1 1 0 1 
0 0 0 1 1 0 1 0 0 0 1 0 1 1 0 0 0 0 1 1 0 1 1 1 1 0 0 1 0 0 0 1 0 0 0 1 1 1 1 1 0 1 1 0 1 0 1 1 1 0 
1 0 1 0 1 0 1 0 1 0 1 0 1 1 0 0 0 0 1 0 1 0 1 0 1 0 0 0 1 1 0 0 0 0 0 0 1 0 0 1 1 0 1 0 0 1 0 0 0 1 
1 1 0 1 1 0 1 1 1 1 0 1 0 1 1 1 1 0 0 0 0 1 0 0 1 1 1 0 0 0 0 1 0 1 0 0 1 0 0 1 1 0 0 1 0 0 1 1 0 0 
0 0 0 0 1 0 1 0 1 1 1 0 0 1 0 0 1 1 0 0 1 0 1 1 0 0 1 0 0 0 0 1 1 1 0 0 1 1 1 1 0 1 1 0 0 0 0 0 1 0 
0 0 0 1 1 0 1 1 1 1 1 0 0 1 0 0 1 0 0 0 0 0 1 1 1 0 1 0 1 1 1 1 0 1 1 0 0 1 0 1 1 0 0 1 0 0 1 0 0 0 
0 1 0 1 0 1 1 0 1 0 0 0 0 0 0 1 0 1 0 1 1 1 0 1 1 1 1 0 0 1 0 0 0 0 0 1 1 1 1 1 0 0 0 0 1 1 1 0 1 0 
1 0 0 1 0 0 0 1 0 0 0 0 0 0 0 1 1 0 1 1 1 1 1 0 0 1 1 1 0 1 0 1 0 0 1 0 1 0 1 1 0 0 1 1 0 0 0 0 1 0 
1 1 0 0 0 1 0 0 1 0 1 0 0 0 0 1 1 1 1 0 0 1 0 0 0 1 1 1 1 0 1 0 1 1 1 0 1 1 1 0 1 0 1 0 1 0 0 1 1 0 
0 0 0 0 1 1 0 0 1 1 0 1 0 1 1 0 1 0 1 0 0 0 1 0 0 1 0 1 0 1 1 0 0 1 0 0 1 1 1 1 0 1 0 1 0 1 1 0 1 1 
1 1 0 0 0 0 1 1 1 0 0 1 0 0 1 1 1 1 0 1 0 1 1 1 1 1 1 1 0 0 0 1 0 1 1 1 1 1 1 1 1 1 0 0 0 0 0 0 1 1 
1 1 0 1 1 0 0 0 1 0 1 1 0 0 1 1 0 1 0 0 0 1 0 1 0 1 0 0 1 1 1 1 0 1 0 0 0 1 0 0 1 0 1 1 0 0 0 1 0 1 
