50 70 7
275.0 181.0 322.0 184.0 249.0 267.0 168.0 264.0 282.0 288.0 274.0 306.0 244.0 154.0 284.0 298.0 261.0 312.0 242.0 216.0 154.0 198.0 227.0 220.0 198.0 318.0 215.0 233.0 306.0 237.0 310.0 350.0 249.0 264.0 239.0 325.0 322.0 252.0 294.0 304.0 214.0 270.0 290.0 388.0 196.0 176.0 169.0 270.0 271.0 230.0 
3.4 3.5 1.8 4.0 3.2 2.6 3.0 3.8 4.5 3.8 3.2 2.2 3.0 5.5 3.5 3.2 3.6 5.4 1.7 4.6 3.5 2.4 3.3 4.9 4.6 4.2 3.1 3.7 3.1 5.3 4.3 4.5 2.1 4.9 3.8 4.4 2.2 3.9 3.3 3.7 3.5 2.9 4.9 3.9 3.8 4.2 2.2 2.5 3.8 4.0 3.1 5.5 3.3 3.6 4.6 3.4 3.3 2.6 2.8 3.8 4.7 3.7 4.7 2.4 3.1 2.1 2.5 4.2 2.9 4.2 
0 1 1 0 0 0 0 0 1 1 1 0 0 0 1 0 0 1 1 1 1 0 0 1 0 0 0 1 1 1 0 0 0 0 1 1 1 0 0 1 1 1 0 1 0 1 0 1 0 0 1 1 0 0 0 1 1 1 1 1 0 1 1 0 1 0 1 0 0 1 
1 1 1 0 1 1 1 1 1 0 1 1 1 1 0 0 1 1 1 0 0 0 1 0 1 1 1 1 0 1 0 0 1 0 1 1 0 1 0 0 1 0 0 0 0 0 1 0 1 0 0 0 1 0 1 0 0 1 1 1 0 1 1 1 1 1 1 0 1 0 
0 0 1 0 0 0 0 1 0 0 0 0 1 0 1 1 0 0 1 1 1 0 0 1 0 1 1 1 1 0 0 1 1 0 0 1 1 1 0 1 0 1 0 0 0 1 1 1 1 0 1 1 0 0 0 0 0 1 1 1 0 1 1 0 1 1 0 1 0 1 
1 1 1 1 1 1 0 0 1 0 0 1 1 0 0 0 1 0 0 1 0 1 1 1 1 1 0 1 0 1 0 0 0 0 0 0 0 0 0 0 1 0 1 1 0 0 0 0 0 0 0 1 0 1 1 1 1 1 0 0 1 0 1 0 0 1 1 1 0 0 
0 1 0 1 1 0 1 1 0 0 0 1 1 1 1 1 1 1 1 0 1 0 0 0 1 0 1 1 1 0 1 0 1 0 0 0 0 1 1 0 0 1 1 1 1 1 1 0 1 0 0 1 1 0 1 1 1 0 0 1 1 1 0 0 0 1 1 0 1 0 
0 1 0 1 1 0 0 1 1 0 0 1 0 0 0 0 1 1 0 0 0 1 1 0 1 0 1 0 0 0 0 0 0 1 0 0 0 0 0 1 1 0 0 0 1 1 1 0 1 1 0 0 1 1 1 1 0 0 0 0 0 1 0 0 1 0 0 1 0 1 
1 0 0 0 1 0 1 0 0 0 0 1 0 1 1 1 1 0 1 1 0 0 1 0 1 1 1 1 0 1 0 0 0 0 1 1 0 0 0 1 0 1 0 1 1 0 0 0 1 0 1 0 1 0 0 0 0 1 1 1 0 0 0 1 1 1 1 0 0 0 
0 0 1 0 0 1 0 1 1 0 0 1 0 0 1 0 0 0 0 1 0 1 0 0 1 1 1 1 1 1 0 0 1 0 1 1 0 1 1 1 1 0 0 0 1 1 1 0 1 1 1 0 0 0 1 0 1 1 0 0 0 1 0 1 1 0 1 1 0 1 
0 0 0 0 0 1 1 1 0 1 0 1 0 0 1 1 0 0 0 0 1 1 1 1 1 0 1 0 1 0 0 1 1 0 1 0 0 1 1 1 1 0 0 1 0 1 1 1 0 1 0 0 0 0 0 1 0 1 0 1 1 0 0 0 0 0 0 0 1 0 
1 1 0 0 0 1 1 1 0 0 0 1 1 1 0 1 0 1 1 1 0 1 0 1 1 1 0 1 1 0 0 1 0 1 0 1 0 1 0 1 0 1 0 0 1 0 0 1 0 1 0 0 1 1 1 1 1 1 1 0 1 0 0 0 1 1 0 0 1 0 
0 1 1 1 0 0 1 0 0 0 0 1 1 1 0 1 0 1 0 1 0 1 1 0 0 1 1 1 0 1 0 0 0 0 1 0 0 1 0 0 1 1 1 0 1 1 1 0 0 1 0 0 0 0 0 1 0 1 1 0 1 1 0 1 0 1 0 1 0 0 
1 0 1 0 0 1 1 0 0 0 0 1 0 1 1 1 1 1 1 0 0 0 0 1 0 1 1 1 1 1 0 0 1 0 1 1 0 1 0 0 1 0 1 1 0 0 0 0 0 1 0 1 0 0 1 1 0 0 0 0 1 0 1 0 0 0 1 0 0 0 
1 0 1 1 0 0 0 1 1 1 1 0 1 0 0 1 0 1 0 0 1 1 1 1 0 0 0 0 0 0 1 1 0 0 1 0 1 1 1 0 1 1 0 1 0 1 0 0 0 1 0 0 0 1 0 0 1 1 1 1 1 0 0 1 0 1 0 1 0 0 
1 1 1 0 0 0 1 1 1 0 0 1 1 1 0 0 1 0 0 0 1 0 1 1 0 0 1 0 1 1 1 0 0 0 1 1 1 0 0 0 0 0 1 1 1 1 0 0 1 0 0 0 0 0 1 0 1 0 1 0 1 0 1 0 0 0 0 0 1 0 
1 0 1 0 0 1 1 1 0 1 1 1 1 0 1 1 1 1 1 1 1 1 1 1 1 0 0 1 0 0 1 0 0 0 0 1 0 1 1 0 0 0 0 0 0 0 0 0 0 1 1 1 1 0 0 1 1 1 0 0 1 1 0 1 0 1 1 1 1 1 
0 1 0 0 1 1 0 1 1 1 0 1 1 1 1 0 0 1 1 0 1 1 1 1 0 1 0 0 1 0 0 0 1 1 1 0 1 0 1 0 1 0 0 1 0 0 1 0 1 0 1 0 1 0 1 0 1 0 0 0 0 0 0 1 1 0 0 0 0 1 
1 1 1 0 1 0 1 0 1 0 0 0 0 0 1 0 1 0 0 1 1 1 1 0 1 1 0 0 0 1 0 1 1 1 0 0 1 1 1 0 1 0 0 1 1 1 1 1 0 1 0 0 1 1 0 0 1 1 1 0 1 0 1 1 0 1 1 1 1 0 
1 0 0 1 0 1 0 1 1 1 1 1 1 1 1 1 1 1 0 1 1 1 0 0 0 1 0 1 0 1 1 1 1 0 0 0 1 1 0 0 1 1 1 0 1 1 0 0 0 0 0 1 0 0 0 1 0 1 1 1 0 0 0 0 0 1 0 1 1 1 
0 1 1 0 0 0 0 0 0 0 1 1 0 1 1 1 1 1 0 0 0 1 0 1 1 0 0 0 1 0 1 0 1 0 0 1 0 0 1 1 0 0 1 1 0 0 1 1 1 0 0 1 1 0 1 1 1 0 0 0 1 1 0 0 1 1 1 1 1 1 
0 1 0 0 1 0 1 1 0 0 0 0 0 1 0 1 1 0 0 1 0 0 1 0 1 0 1 0 1 0 1 1 0 1 1 0 1 1 1 1 0 0 1 1 0 1 0 0 1 1 0 0 0 0 1 1 1 1 0 0 1 0 0 0 1 1 1 0 1 0 
1 0 0 1 1 1 1 0 1 1 0 1 1 1 1 1 1 1 1 0 1 0 1 1 0 0 0 1 0 1 1 0 1 0 0 1 1 1 1 1 0 0 0 0 1 1 1 0 1 1 1 1 1 1 0 0 0 0 1 1 0 0 1 0 0 1 0 1 1 0 
1 0 1 0 0 1 1 1 1 0 0 0 0 0 1 1 1 0 1 0 0 1 0 1 1 0 0 1 0 1 0 0 1 0 1 0 0 0 0 1 0 0 0 1 1 0 1 1 0 0 1 0 0 0 1 1 1 1 1 1 0 0 0 0 1 0 1 0 1 0 
1 1 0 0 1 0 1 0 1 1 0 0 0 1 1 0 0 0 1 0 0 0 0 1 1 1 1 0 1 1 0 0 0 1 0 1 0 0 0 0 1 1 0 0 0 0 0 0 1 0 1 0 1 1 0 1 0 1 1 0 0 0 0 0 1 1 1 0 1 1 
1 1 1 0 0 0 1 0 0 0 1 0 1 1 1 1 1 0 1 1 0 0 0 1 0 1 1 1 1 1 1 1 1 1 1 0 0 1 1 1 1 1 1 1 1 1 1 0 1 0 1 1 0 0 0 1 1 1 1 1 1 0 1 1 0 1 0 1 0 1 
0 0 1 0 0 1 0 1 0 0 0 0 0 1 1 1 0 1 0 1 1 1 1 1 1 0 1 1 1 1 0 0 0 1 1 0 0 0 0 1 0 1 1 1 0 0 1 0 1 0 0 1 0 1 0 1 0 0 1 1 1 0 0 1 1 0 0 0 0 1 
1 0 0 1 0 1 0 1 1 1 0 0 0 0 1 0 1 0 1 0 1 1 1 0 0 0 0 1 0 0 1 0 0 1 1 0 1 0 0 0 1 0 1 1 0 0 1 0 0 1 0 1 0 0 1 1 0 0 0 1 1 0 0 1 0 1 1 0 1 0 
0 1 1 0 1 1 0 1 1 0 0 1 0 1 0 1 1 1 1 0 0 1 1 1 1 1 0 1 0 1 1 1 1 1 0 0 1 1 1 0 0 0 0 1 1 1 0 0 0 1 1 1 1 0 1 0 1 1 1 0 0 1 0 0 1 1 0 0 1 1 
1 0 1 1 1 0 1 0 0 0 1 1 0 0 0 0 1 0 1 0 1 0 1 0 0 0 0 1 0 0 0 1 1 0 1 0 1 0 0 0 0 1 0 1 0 1 0 1 0 0 1 0 1 0 1 1 0 1 0 1 1 0 1 1 1 0 1 0 0 1 
0 0 0 1 1 1 1 0 0 0 0 0 1 1 0 0 0 1 1 0 0 0 1 1 1 1 0 1 0 0 0 1 0 1 0 0 1 1 1 1 0 0 0 1 0 0 0 0 0 1 0 0 0 1 1 1 0 0 1 0 0 1 1 1 0 0 1 0 1 1 
1 0 0 1 1 0 1 1 0 0 0 1 0 0 1 0 1 1 1 1 1 1 0 1 1 1 0 1 1 0 1 1 1 0 0 1 0 0 0 0 0 0 0 0 0 1 1 0 0 0 1 0 1 1 1 1 1 1 0 1 1 1 1 0 0 1 1 1 1 1 
1 1 1 1 1 0 1 0 1 1 1 0 1 1 0 0 0 1 0 0 1 0 1 1 1 1 1 1 0 1 0 0 0 1 0 1 0 1 1 0 1 0 1 1 1 0 0 1 0 1 1 1 0 0 0 0 0 0 0 0 0 0 0 1 1 0 0 1 0 1 
1 1 1 0 0 0 0 0 1 1 1 1 1 1 0 0 0 1 0 1 0 0 0 1 1 1 1 1 0 1 1 0 1 0 1 1 0 1 0 0 0 1 0 0 1 1 1 1 1 1 1 0 1 1 1 0 0 0 0 1 0 1 1 0 0 1 1 0 1 0 
1 1 0 0 0 1 0 1 1 1 0 1 1 1 1 1 1 1 1 1 0 1 0 0 1 0 0 1 0 0 0 1 0 1 1 1 1 0 1 0 1 1 0 1 0 0 1 0 0 0 1 0 1 0 1 0 0 1 1 1 0 1 1 1 1 1 0 0 0 1 
0 1 0 0 0 0 1 0 0 0 1 0 1 1 0 1 0 0 0 1 0 1 0 0 0 0 1 1 1 0 1 1 0 1 0 0 1 1 0 1 1 1 0 1 1 1 0 1 0 0 0 1 1 0 0 1 1 1 0 0 1 0 1 1 1 1 1 1 0 1 
1 0 0 1 1 1 0 1 1 0 0 0 0 0 1 1 0 1 0 0 0 1 1 0 0 0 0 1 1 0 1 0 1 1 0 0 0 1 1 1 1 1 1 0 1 0 1 0 0 1 0 0 1 1 0 1 0 0 0 0 1 0 1 0 1 0 0 1 1 1 
0 0 0 0 1 1 1 0 0 0 0 0 0 0 0 1 1 0 1 1 1 0 0 1 0 0 1 0 0 1 0 1 0 0 0 0 1 1 1 1 1 1 1 0 1 0 0 0 0 1 0 0 0 1 0 0 0 1 1 1 0 1 0 0 0 0 1 1 0 0 
1 0 0 0 1 0 0 0 1 0 0 0 0 1 1 0 1 1 1 1 1 0 0 1 0 1 1 0 0 0 0 1 1 1 0 0 0 0 1 1 0 0 1 1 1 1 1 0 0 0 1 1 0 0 0 0 1 0 1 0 0 0 1 1 1 1 0 0 1 0 
1 0 1 1 1 1 1 0 1 1 0 1 1 0 1 0 0 0 1 1 0 0 1 1 0 1 0 0 1 0 1 0 0 1 1 1 1 1 0 1 0 0 1 0 0 0 0 1 0 1 1 0 0 1 1 1 0 1 0 1 1 0 0 1 1 1 0 1 1 0 
1 0 0 1 0 1 1 0 1 0 1 0 1 1 1 0 1 1 1 1 0 0 0 0 1 0 1 0 1 1 0 1 0 0 1 1 0 0 0 1 0 1 1 0 0 0 1 0 0 0 1 1 0 1 1 0 0 1 0 1 0 0 1 0 0 1 1 1 0 0 
0 1 0 0 0 0 1 1 1 1 1 0 1 1 0 0 0 0 0 1 0 1 1 0 1 1 0 0 1 0 0 0 1 1 1 0 0 0 0 0 1 1 0 0 0 0 1 0 1 0 1 0 1 1 1 1 0 0 1 1 0 1 0 0 0 0 1 0 0 1 
1 1 0 1 0 0 1 1 0 0 0 1 1 1 0 1 0 0 0 1 0 0 1 1 1 0 1 1 0 0 1 1 1 0 1 1 0 0 0 1 0 1 0 0 1 0 1 1 0 1 0 0 0 0 1 1 1 1 1 0 0 0 0 0 1 0 0 0 0 0 
1 0 0 1 0 1 0 0 0 1 0 0 0 1 1 1 1 1 0 0 1 1 1 1 1 0 1 1 0 0 1 1 1 1 1 1 0 0 0 1 0 1 0 0 0 1 0 1 0 0 1 0 1 0 0 0 0 1 0 1 0 1 1 0 0 0 0 0 0 0 
1 1 0 1 0 1 1 1 0 0 1 1 0 0 0 0 0 0 1 1 1 0 1 0 0 1 1 1 1 0 0 0 1 0 1 0 0 0 1 0 1 0 1 0 1 0 1 0 0 1 0 1 1 0 1 1 1 1 0 0 1 0 0 1 1 0 0 1 1 0 
1 0 1 0 0 1 1 0 1 0 1 0 0 0 0 1 0 0 1 1 1 0 0 0 1 0 1 1 1 0 0 1 1 0 0 0 1 1 1 1 0 1 1 0 1 1 0 0 1 0 0 0 1 0 1 1 1 1 0 0 1 0 1 1 0 1 0 1 1 0 
0 1 0 0 0 1 0 1 1 0 1 0 0 0 0 1 1 0 0 1 1 1 0 1 1 1 0 0 1 0 1 1 0 0 1 1 1 1 1 1 1 1 0 0 0 0 1 0 0 1 1 0 1 1 1 1 0 1 0 0 1 1 1 1 0 0 1 1 1 0 
1 1 1 0 0 0 1 0 1 0 1 0 0 1 0 0 0 0 1 0 1 1 0 1 1 0 1 1 1 1 0 0 1 1 1 1 1 0 1 0 0 0 1 0 1 1 1 1 0 0 0 1 1 0 1 1 1 1 1 1 0 1 0 0 0 1 1 0 0 0 
0 0 1 1 1 0 0 1 0 1 0 1 0 1 1 1 0 1 0 0 0 1 0 0 0 0 1 1 1 1 1 1 0 0 0 1 1 1 1 1 1 0 0 0 1 1 1 0 1 1 1 1 0 1 0 0 0 1 1 1 0 1 1 0 0 0 0 0 0 1 
0 1 1 0 1 0 0 1 0 0 1 0 1 1 0 1 0 1 1 1 1 1 0 0 0 1 0 0 1 1 0 0 1 1 0 1 1 1 1 0 0 0 0 1 1 0 0 1 1 1 1 1 0 1 0 0 0 0 0 1 0 1 0 1 0 0 1 0 1 0 
0 0 1 1 0 1 1 1 1 1 0 0 1 0 1 0 0 0 1 0 0 0 1 1 1 1 1 0 0 0 0 1 1 0 1 0 0 0 0 1 1 0 0 0 0 1 0 0 1 1 0 1 0 0 0 1 0 0 0 1 1 1 1 0 0 1 0 0 0 0 
0 1 1 1 0 1 1 0 1 1 1 0 0 1 1 0 0 0 1 0 0 1 0 1 1 1 1 1 1 1 0 0 0 0 1 1 0 0 1 1 1 1 1 1 0 1 1 1 0 1 1 0 1 1 1 0 1 1 0 1 1 0 1 1 0 0 1 1 0 0 
