50 30 6
187.0 218.0 301.0 260.0 349.0 195.0 246.0 268.0 255.0 261.0 164.0 246.0 265.0 135.0 221.0 292.0 192.0 213.0 227.0 230.0 231.0 223.0 303.0 199.0 243.0 381.0 217.0 207.0 203.0 306.0 261.0 245.0 346.0 277.0 283.0 182.0 268.0 228.0 224.0 146.0 319.0 151.0 243.0 342.0 236.0 250.0 202.0 199.0 240.0 335.0 
3.6 2.6 2.0 0.8 3.7 3.2 3.7 3.1 3.2 4.2 3.2 2.5 1.9 3.0 3.3 2.9 2.3 3.2 2.6 3.8 2.9 3.6 3.1 2.7 3.3 2.2 1.6 3.6 2.5 1.4 
0 1 0 1 1 0 0 1 1 1 1 1 1 0 1 1 0 0 1 0 0 0 0 0 1 1 0 0 0 0 
1 0 1 1 1 1 0 0 0 1 0 1 1 1 0 0 1 1 0 1 1 0 0 0 1 0 1 0 1 1 
0 0 1 0 0 1 1 1 1 0 0 0 0 0 0 0 0 0 0 0 0 1 1 0 0 1 1 0 1 1 
0 0 0 1 1 1 0 1 0 1 1 0 1 1 0 1 1 1 0 0 0 1 0 1 0 1 1 1 0 0 
1 1 0 1 1 0 1 1 1 0 1 0 0 1 1 0 1 0 1 1 0 1 1 0 1 0 1 1 1 1 
0 1 0 1 1 1 1 1 1 1 0 1 1 0 1 1 1 1 1 0 0 0 0 1 1 0 1 1 1 1 
1 0 1 1 0 0 0 0 1 1 0 0 0 1 0 0 0 1 0 1 0 1 0 0 0 1 1 0 0 1 
0 1 0 0 0 1 1 0 1 1 1 1 1 1 1 0 0 0 0 0 0 1 1 1 0 1 0 1 0 1 
1 1 0 1 0 1 0 0 1 0 1 0 0 1 0 0 0 0 1 0 0 0 1 0 1 0 0 1 1 0 
1 0 1 0 0 0 0 1 0 1 1 1 1 0 1 1 0 1 1 1 0 0 0 1 1 0 0 1 0 0 
0 1 0 0 1 1 1 0 1 1 0 0 0 1 1 1 1 0 0 0 1 1 0 0 1 0 0 1 0 0 
1 1 1 0 1 1 0 0 0 1 1 0 0 0 1 0 1 1 1 1 1 0 1 0 1 0 0 0 0 1 
0 0 0 0 0 0 1 1 0 0 1 0 0 1 1 0 0 1 1 0 1 1 1 1 0 1 1 0 0 0 
0 0 0 0 1 1 0 1 1 0 0 0 0 0 0 1 0 0 0 0 1 1 0 0 0 1 0 1 1 1 
1 0 0 1 0 1 1 0 0 0 0 0 0 1 0 0 0 0 0 0 0 0 0 1 0 0 1 0 0 1 
1 0 0 0 0 0 0 0 1 0 0 0 1 0 0 0 0 1 0 1 1 1 1 1 0 0 0 1 1 1 
1 1 1 0 1 0 1 0 0 0 0 0 0 1 1 1 0 0 1 0 0 1 1 1 0 0 0 0 1 0 
1 1 0 0 0 0 0 0 0 0 1 1 0 1 0 1 0 1 0 0 0 1 0 0 0 1 0 0 1 0 
1 1 0 0 0 0 0 0 0 0 1 0 1 1 1 0 1 1 1 1 0 0 0 0 0 0 0 0 1 0 
0 1 1 0 0 0 0 1 0 0 1 1 1 1 1 1 1 1 0 0 0 1 1 1 0 0 0 1 1 0 
1 1 1 1 1 1 0 1 0 0 0 0 0 0 1 1 0 1 0 0 1 1 1 0 1 0 1 1 0 1 
1 1 1 0 1 0 1 0 0 1 1 1 0 1 0 0 0 1 0 1 1 0 1 0 1 1 0 0 1 0 
1 0 1 1 1 1 0 0 1 1 1 0 1 1 1 0 0 0 1 1 1 0 0 0 0 0 0 0 1 0 
0 0 1 0 0 0 1 1 0 0 1 0 1 0 0 0 1 1 1 1 1 1 1 1 0 1 0 1 1 1 
1 1 1 1 0 0 0 0 1 1 1 1 1 1 1 0 1 1 1 1 0 0 1 0 0 1 0 1 0 1 
0 0 1 1 0 1 1 1 1 1 0 1 0 1 0 1 1 1 0 0 0 1 0 1 0 1 0 0 0 1 
0 0 0 1 0 0 1 1 0 1 1 0 0 0 0 1 1 1 1 0 1 1 0 1 0 1 0 1 1 1 
1 1 1 1 1 0 1 1 1 1 0 0 1 1 1 0 1 0 0 1 0 0 0 0 0 1 1 0 0 1 
0 1 0 1 1 1 0 0 1 1 0 0 0 0 1 1 0 1 0 1 0 0 0 0 1 1 1 0 0 1 
0 1 0 0 0 0 1 1 0 1 1 0 0 1 0 1 0 1 1 0 1 0 0 1 0 1 0 0 0 0 
0 1 0 0 1 0 1 0 0 0 1 1 0 0 1 0 0 0 1 1 1 0 1 1 0 0 1 1 0 1 
0 0 0 0 0 0 0 1 0 0 0 1 1 1 1 0 1 0 0 0 0 1 0 1 0 1 1 0 0 1 
0 0 0 1 1 1 0 1 0 0 1 0 1 1 1 1 1 1 1 0 1 1 1 0 0 0 0 0 0 1 
0 0 0 1 1 1 1 0 0 0 1 1 0 0 1 1 1 0 1 0 0 0 0 1 0 0 1 1 0 0 
0 1 0 1 1 0 0 0 0 0 0 0 1 0 1 0 0 1 1 0 1 0 0 0 0 1 0 1 0 0 
1 1 1 0 0 0 1 1 0 0 1 0 1 0 0 0 1 0 0 0 0 0 1 0 1 1 0 1 1 1 
0 0 0 0 0 1 1 0 0 0 0 0 0 1 0 0 0 1 0 1 0 1 1 1 0 0 1 1 1 0 
1 0 0 0 0 0 1 0 1 1 1 0 0 0 1 1 1 0 0 0 1 1 1 0 1 0 0 1 0 0 
1 0 1 1 0 0 1 0 1 0 1 1 0 1 0 1 1 0 1 1 0 1 0 1 1 0 0 1 0 1 
0 0 1 1 0 1 0 1 1 0 0 1 1 0 1 1 1 1 0 1 1 0 1 0 1 0 1 0 0 0 
1 1 1 0 0 1 0 1 0 0 1 1 1 0 1 0 0 1 1 1 1 1 1 1 1 0 1 0 1 1 
1 1 0 1 0 0 0 1 0 1 0 0 0 1 0 0 1 1 0 0 1 1 0 0 0 1 0 0 0 1 
0 1 1 0 0 1 0 1 1 0 0 0 0 0 1 1 0 0 0 1 1 1 0 1 0 0 0 0 0 0 
0 0 1 0 0 0 1 1 0 0 1 1 0 0 1 0 0 1 1 0 1 1 1 0 1 0 1 0 0 1 
1 1 0 1 1 1 0 0 1 0 0 0 0 1 1 1 0 0 1 1 1 0 0 0 0 0 1 1 0 0 
0 1 0 1 0 1 1 1 0 1 0 0 1 0 1 1 1 0 1 0 0 1 1 1 1 1 0 1 0 1 
0 1 1 0 1 0 0 0 1 0 1 0 1 1 0 0 0 0 0 0 0 1 0 1 1 1 0 0 1 0 
1 1 0 0 1 0 0 0 0 0 0 0 0 0 0 1 1 0 0 0 0 0 0 0 0 1 0 0 0 0 
0 1 1 1 0 0 0 0 1 0 0 0 1 1 1 1 1 0 0 1 0 0 0 0 0 0 1 1 1 0 
1 1 0 1 1 0 0 0 0 0 0 1 0 0 1 0 0 1 1 1 1 0 0 1 0 1 0 0 0 0 
