50 50 5
236.0 245.0 236.0 280.0 196.0 280.0 264.0 262.0 266.0 233.0 212.0 291.0 245.0 260.0 256.0 268.0 249.0 329.0 308.0 260.0 232.0 133.0 256.0 279.0 278.0 319.0 274.0 133.0 214.0 317.0 227.0 304.0 281.0 278.0 258.0 379.0 168.0 316.0 230.0 273.0 270.0 256.0 269.0 263.0 264.0 297.0 320.0 335.0 219.0 296.0 
4.1 2.8 2.9 1.9 2.3 3.1 3.2 1.0 3.0 1.6 1.9 2.0 2.5 2.2 1.1 3.6 2.3 0.6 1.6 2.1 2.5 1.7 3.2 4.4 3.0 2.2 1.5 3.8 4.0 3.6 2.3 2.9 2.2 2.0 2.8 2.1 2.6 3.7 1.0 2.8 0.6 3.9 3.5 2.6 2.3 2.6 1.6 2.3 2.3 1.8 
1 1 1 1 1 1 1 0 0 0 0 1 0 1 1 1 1 0 0 1 1 1 1 0 1 0 1 1 0 0 1 1 1 1 1 1 0 1 0 1 1 1 1 0 0 1 0 0 0 1 
1 0 0 1 1 1 1 0 0 1 0 1 1 0 1 0 1 1 1 0 1 0 1 0 0 0 0 0 0 1 1 0 1 1 0 1 0 1 0 0 0 1 0 1 0 0 1 0 1 1 
0 1 1 0 1 1 1 0 0 0 0 0 1 1 1 0 0 1 0 1 1 1 1 1 0 1 0 0 0 1 0 1 1 0 0 0 1 1 1 0 0 1 1 0 0 0 0 1 1 0 
1 1 0 1 0 0 0 1 1 0 0 0 0 0 1 1 1 1 1 0 1 1 0 0 1 0 1 0 1 1 1 1 1 0 0 1 1 1 0 1 1 0 1 0 0 0 1 1 0 1 
1 1 0 0 1 1 0 1 0 0 1 1 1 0 1 1 1 0 1 1 0 0 1 0 1 0 0 0 1 0 0 1 0 1 1 1 0 1 1 1 0 0 1 0 0 1 1 1 0 0 
1 0 0 0 1 0 1 0 0 0 1 1 1 1 1 1 0 1 0 0 0 0 0 0 0 0 1 1 1 1 1 1 1 0 1 1 1 1 0 1 0 0 1 1 0 0 0 1 0 1 
0 1 0 1 1 1 0 1 1 0 0 1 0 0 1 0 0 1 0 0 0 1 0 0 0 0 1 0 1 0 1 1 0 1 0 1 0 0 1 1 1 0 1 0 0 1 1 1 1 1 
1 1 0 0 1 0 1 0 0 1 1 0 0 1 0 0 0 0 1 1 0 1 1 1 1 0 0 1 0 0 1 1 1 1 0 0 1 0 0 1 1 1 0 0 0 0 0 1 1 1 
0 1 1 1 1 0 0 1 0 0 1 1 1 1 1 0 1 0 0 1 0 0 1 1 0 0 0 1 0 1 1 1 0 0 1 0 0 0 0 1 0 1 0 1 0 0 1 1 1 1 
1 1 1 1 0 0 1 0 0 1 1 0 0 1 1 1 0 1 1 1 1 0 1 0 0 0 0 0 1 1 0 1 0 0 0 0 0 1 0 0 1 0 1 1 0 1 0 0 0 0 
0 0 0 1 0 0 1 1 1 0 0 0 0 1 1 0 0 1 0 1 0 1 1 1 0 0 0 0 1 1 1 0 1 1 1 0 0 1 1 0 1 0 0 0 0 1 0 1 0 0 
0 1 1 0 1 0 1 1 0 1 0 0 1 1 0 1 1 1 0 1 0 0 1 0 1 1 0 1 0 1 1 1 1 1 1 0 0 1 1 1 0 1 0 0 1 0 0 0 1 0 
1 1 0 1 0 0 0 1 1 1 0 1 1 1 1 1 1 1 0 1 1 1 0 0 1 1 0 1 0 1 1 1 0 1 0 0 0 0 0 0 0 1 1 1 1 1 0 1 1 0 
1 1 0 1 0 0 0 0 0 0 0 1 1 0 1 0 1 0 1 0 0 0 0 1 1 0 1 1 0 1 1 1 0 0 0 1 1 0 0 1 0 1 0 0 0 1 0 1 0 0 
0 1 0 1 0 1 0 0 1 1 0 0 0 1 0 0 1 1 0 0 0 0 1 1 0 0 1 0 0 0 0 0 1 1 1 0 1 1 1 1 0 1 1 1 1 1 0 0 1 0 
0 1 0 1 0 0 1 1 0 1 0 1 0 1 0 0 1 1 1 0 1 1 1 0 1 1 1 0 1 1 1 1 0 0 0 1 0 1 0 1 0 0 0 1 0 0 1 1 1 1 
1 1 0 1 1 1 1 1 0 0 1 1 1 1 0 1 0 1 0 0 0 0 1 1 1 1 0 0 0 0 1 1 0 1 1 1 1 0 1 0 0 1 0 1 0 0 0 1 0 0 
0 0 0 0 0 1 1 0 1 0 1 0 1 0 1 0 0 0 0 0 0 1 0 1 0 1 0 0 0 0 0 0 0 1 1 0 1 1 0 1 0 1 1 0 0 1 1 1 1 0 
0 1 0 1 0 1 0 1 1 0 0 1 1 1 0 1 1 0 1 1 1 0 0 0 0 0 0 0 0 0 0 0 0 0 0 0 1 0 0 1 0 1 1 0 1 1 0 0 1 0 
0 1 0 1 1 0 1 1 1 0 0 1 1 0 1 1 0 1 0 0 1 0 0 1 1 1 0 0 0 0 0 1 0 1 1 1 1 0 1 1 1 0 1 0 0 0 1 1 1 1 
0 0 0 0 1 1 0 0 1 1 0 0 0 1 0 0 1 1 1 1 1 1 0 0 0 0 1 1 0 0 1 1 0 1 0 0 1 0 1 0 1 1 0 1 0 1 1 0 1 0 
0 1 1 0 0 0 0 1 1 1 1 1 0 1 1 1 0 1 0 0 0 1 1 0 1 1 0 1 1 1 0 1 1 1 1 1 1 0 1 0 1 0 0 1 1 0 0 1 0 0 
1 0 0 1 1 1 0 1 0 0 1 1 1 1 0 1 0 1 0 1 1 1 0 0 0 1 1 0 0 0 0 1 0 0 1 1 1 1 1 1 1 0 0 1 1 1 0 1 0 1 
0 0 1 0 1 0 1 1 0 1 1 0 0 1 0 0 0 1 0 1 1 0 0 1 0 1 0 0 0 1 1 0 0 1 1 0 0 0 1 1 0 0 1 0 0 1 1 0 0 0 
1 1 0 1 1 0 1 1 0 0 0 1 0 0 0 0 0 0 0 1 0 1 1 0 0 1 0 0 0 1 0 1 1 0 1 1 1 1 1 1 0 0 1 0 1 0 1 0 1 0 
0 1 1 1 0 0 1 1 1 0 1 0 1 1 0 0 0 0 1 1 0 0 0 0 0 1 1 1 0 0 0 1 1 1 1 1 1 1 1 0 0 0 0 1 1 0 1 1 0 1 
0 1 1 0 1 0 1 0 1 0 1 1 0 0 0 0 0 1 1 0 0 0 0 1 1 1 1 0 0 1 1 0 0 0 0 0 0 1 0 0 1 1 0 0 0 1 0 0 1 0 
1 0 0 1 1 0 0 0 1 1 0 0 1 1 1 1 1 0 0 0 1 1 0 1 1 0 1 1 0 0 1 0 0 1 0 1 1 0 1 0 0 1 0 0 0 0 0 0 0 1 
0 0 0 1 0 1 0 1 0 0 0 0 1 0 1 0 1 1 1 0 0 0 1 1 1 0 1 1 0 1 1 0 1 1 0 0 0 0 1 0 1 0 1 0 0 0 1 0 1 1 
0 0 0 1 0 0 0 0 1 1 1 1 1 1 0 0 0 0 0 0 1 1 1 0 0 0 1 0 1 1 0 1 0 0 0 0 0 0 0 0 0 1 1 0 0 1 1 0 1 0 
0 1 0 1 0 1 0 0 0 1 0 1 1 1 0 0 0 1 1 1 0 0 1 0 0 0 0 0 1 1 1 1 1 1 0 1 0 0 0 0 0 1 0 1 1 1 0 0 0 0 
0 1 1 1 0 1 0 0 0 1 0 0 1 0 1 0 0 1 1 0 0 1 0 1 0 1 1 1 1 0 0 0 1 1 1 1 0 1 1 1 1 0 1 1 0 1 0 0 1 0 
0 1 0 1 1 1 0 0 1 1 0 0 1 1 0 0 1 0 1 1 1 1 0 0 1 1 1 1 0 0 0 1 1 1 1 0 0 0 0 1 0 1 1 1 0 1 1 1 0 0 
1 0 1 1 0 1 1 1 1 0 1 1 1 1 0 0 0 1 1 1 0 0 1 0 1 0 1 0 0 1 1 1 0 1 1 0 0 0 1 1 0 1 1 0 1 1 0 1 0 0 
1 0 1 0 0 0 1 0 1 0 1 0 0 1 0 0 0 1 0 1 1 0 0 0 0 0 0 1 0 1 0 1 0 0 0 1 0 0 1 0 1 0 1 0 0 0 1 0 0 0 
1 0 1 0 1 0 1 0 0 0 1 0 0 1 1 1 1 1 1 0 0 0 0 1 1 1 0 0 0 0 1 1 1 0 1 0 0 0 0 0 0 0 0 0 0 1 0 0 1 1 
0 0 0 0 1 1 1 1 0 1 0 0 0 0 0 0 1 0 1 0 1 0 1 0 0 1 1 0 1 1 1 0 0 0 0 1 1 0 0 0 0 1 0 1 1 1 0 0 1 1 
1 1 0 1 0 1 0 1 0 0 1 1 1 0 1 0 0 1 0 1 1 1 1 1 0 0 1 0 1 1 0 1 0 1 0 1 1 1 1 1 0 0 0 1 1 1 0 1 1 0 
1 0 0 0 1 1 1 0 1 0 1 1 0 0 1 0 1 0 1 0 0 1 0 0 0 1 1 0 1 1 0 0 0 1 0 1 0 0 0 0 0 0 1 1 1 1 1 1 1 0 
1 0 0 1 1 1 1 0 0 1 1 0 0 0 1 0 1 1 1 1 1 0 0 1 1 1 0 0 1 1 1 0 1 1 1 0 1 1 0 0 1 0 1 1 0 0 0 0 1 0 
0 1 0 1 0 1 1 0 1 1 1 0 1 0 1 1 0 1 1 1 1 1 0 0 1 1 1 0 1 1 0 1 0 1 0 0 1 0 1 0 0 1 0 1 0 0 1 0 1 1 
1 0 0 1 0 0 1 1 0 0 0 1 0 1 1 1 0 0 1 1 0 0 1 1 1 1 0 0 1 1 1 0 1 0 0 1 0 1 1 0 0 1 1 0 1 1 1 1 0 0 
0 0 1 1 1 1 1 0 0 0 1 1 0 0 1 1 0 1 0 0 0 1 0 1 1 1 1 0 0 1 1 0 0 0 1 1 0 0 0 0 0 1 0 0 0 1 0 1 1 0 
1 0 0 1 0 0 0 0 0 0 1 1 1 0 0 0 0 0 0 0 0 0 0 1 0 1 0 0 1 0 1 0 0 0 0 1 0 0 0 0 0 1 0 1 0 0 1 1 0 0 
1 0 0 1 1 0 0 1 1 1 1 0 0 1 0 1 0 1 1 1 0 1 1 0 1 1 1 1 1 0 0 0 0 1 0 1 0 1 1 1 0 1 1 1 1 0 0 1 1 1 
1 0 1 1 0 0 1 1 0 0 0 0 0 0 1 0 1 1 0 0 1 1 0 0 1 1 1 0 0 1 0 1 0 0 0 1 0 1 1 1 1 1 1 0 1 0 1 0 1 1 
0 0 0 0 0 0 1 1 0 1 0 1 1 1 0 1 1 1 0 1 0 0 0 0 1 0 1 0 0 1 1 1 0 1 1 0 0 1 1 0 1 0 1 1 0 0 0 0 0 0 
1 1 0 1 1 0 1 0 1 1 1 1 1 1 1 1 0 0 1 1 0 1 0 0 0 1 1 0 0 1 0 0 0 1 0 0 0 0 0 1 0 1 1 1 1 0 0 0 0 1 
0 1 1 0 0 0 0 0 1 1 0 0 0 1 1 0 0 1 1 1 0 0 1 1 1 1 0 1 0 0 0 1 0 0 1 0 0 1 1 0 0 0 0 0 1 0 0 0 0 1 
1 0 0 1 1 1 0 1 1 1 1 1 1 1 1 0 1 1 0 1 0 1 0 1 1 1 1 1 0 0 1 0 0 0 0 1 1 1 1 0 0 1 0 0 0 1 1 1 1 1 
