50 90 5
189.0 370.0 256.0 199.0 274.0 267.0 220.0 217.0 183.0 218.0 220.0 371.0 389.0 286.0 257.0 308.0 308.0 257.0 225.0 202.0 305.0 298.0 330.0 199.0 205.0 285.0 189.0 265.0 244.0 291.0 216.0 213.0 198.0 268.0 205.0 320.0 162.0 333.0 274.0 276.0 245.0 271.0 212.0 264.0 249.0 279.0 239.0 315.0 266.0 199.0 
2.6 1.9 2.4 1.8 3.7 0.8 0.9 2.8 1.3 2.3 2.2 3.1 2.7 2.8 0.9 3.0 0.4 2.0 2.3 3.9 4.6 1.7 2.4 3.5 2.9 2.4 3.0 1.5 2.6 2.5 3.4 2.2 2.5 1.8 2.6 3.5 2.9 2.9 2.5 1.0 2.1 1.4 3.4 2.9 3.3 1.7 3.6 1.5 1.9 3.2 4.0 4.0 1.5 2.9 3.7 2.8 2.7 1.5 2.0 1.8 3.1 2.3 1.7 1.2 4.0 3.7 2.6 3.4 3.4 0.9 3.3 3.7 2.3 1.9 2.3 2.3 0.9 2.1 2.8 2.3 2.1 0.8 1.1 3.6 2.5 2.8 2.3 1.8 1.8 3.0 
0 0 1 0 1 1 1 1 0 0 0 0 0 0 1 0 0 0 1 1 1 0 1 1 1 0 0 0 0 0 1 0 1 1 0 0 1 1 1 0 1 1 1 1 1 1 1 1 1 0 0 1 1 1 1 0 0 0 1 0 0 0 0 0 0 0 0 0 1 0 1 0 0 1 1 1 1 0 1 0 1 1 1 1 0 1 1 0 1 1 
1 1 0 0 0 0 0 1 1 0 0 0 1 1 0 1 0 1 1 0 1 0 0 0 0 0 1 0 0 0 1 0 1 1 0 0 1 1 0 1 1 1 0 1 1 0 1 0 0 0 0 0 0 0 1 0 1 1 0 0 0 0 0 1 0 1 0 0 0 1 1 1 1 1 1 0 0 0 1 1 1 0 0 0 0 1 0 1 1 1 
0 1 1 0 1 0 1 1 1 0 0 1 0 1 1 0 0 1 1 0 0 0 1 1 1 0 1 0 0 1 0 0 0 1 1 1 1 1 0 0 0 1 1 1 1 1 0 1 0 0 1 1 1 1 1 1 0 0 1 1 1 1 1 1 1 1 1 1 1 1 1 0 0 0 1 1 1 0 1 1 0 1 1 0 1 0 1 1 0 1 
0 0 1 0 1 1 0 1 0 1 1 0 1 1 1 0 0 1 1 1 1 0 1 1 0 1 1 1 0 0 0 1 1 1 0 0 1 1 0 0 1 0 1 0 1 1 0 1 1 1 0 0 0 0 1 0 1 1 1 0 1 1 0 0 0 0 1 0 1 0 1 1 1 0 1 1 1 1 1 0 1 0 0 1 0 1 0 1 0 0 
1 1 1 1 0 0 1 0 0 0 0 0 1 1 1 1 1 1 0 0 1 1 0 0 1 1 1 0 0 0 0 0 0 1 1 1 1 0 0 0 0 0 0 1 1 1 1 1 1 0 1 0 0 1 1 1 0 1 1 1 1 0 1 0 0 0 0 1 0 0 0 1 0 0 1 1 0 1 0 1 1 1 1 1 0 1 1 1 1 0 
1 0 0 0 0 1 0 0 0 1 0 1 0 0 1 0 0 0 0 1 0 1 0 1 0 0 0 0 1 0 0 1 0 0 0 1 0 1 0 1 0 0 0 1 0 0 0 1 1 1 0 0 0 0 0 0 0 0 0 0 0 1 0 1 1 1 0 1 1 1 1 1 0 1 1 0 0 0 1 0 0 0 0 1 1 0 1 0 0 1 
1 0 0 0 1 1 1 1 0 0 0 1 0 0 1 1 0 1 0 0 1 0 0 0 0 1 1 0 0 1 0 1 1 0 1 0 1 0 0 0 0 1 1 0 1 0 0 0 0 0 0 0 1 0 0 0 0 0 0 1 1 0 1 0 1 0 0 1 1 0 0 1 0 1 0 1 1 0 0 1 0 0 1 0 0 1 0 1 1 1 
0 0 1 1 1 1 1 0 0 0 1 1 0 0 0 0 1 1 0 0 0 0 1 0 1 1 0 1 0 0 0 0 0 1 0 0 0 0 1 0 0 0 1 1 0 1 0 0 1 0 0 1 1 0 1 1 1 1 0 0 1 1 1 1 0 1 0 1 1 1 0 0 1 1 1 1 0 0 0 0 1 1 1 1 0 1 0 0 0 0 
0 0 0 1 0 1 1 0 0 0 0 1 0 0 0 0 1 1 1 0 0 0 0 1 1 1 0 0 0 0 0 1 1 0 1 1 0 0 1 0 0 0 0 1 1 1 1 0 0 0 0 0 0 1 0 1 1 1 0 1 0 0 0 0 0 1 1 0 1 1 1 1 0 1 1 1 1 1 0 0 1 0 0 1 1 0 0 0 0 0 
1 0 1 0 0 1 1 1 1 1 0 1 0 0 0 0 1 1 1 1 1 1 1 1 1 0 1 0 0 0 0 0 0 0 1 0 1 1 1 1 1 1 0 1 1 0 1 0 1 0 1 0 0 0 0 1 1 1 1 1 1 1 0 1 0 1 1 0 1 1 0 1 0 0 0 0 0 0 0 0 1 1 1 1 1 0 1 1 0 0 
1 0 1 0 0 0 1 0 0 0 1 0 1 0 0 0 1 0 1 1 1 1 0 0 1 0 1 1 0 1 0 0 0 1 0 0 0 1 1 1 1 1 0 0 0 1 0 0 1 1 1 1 1 0 1 0 0 0 1 0 1 0 0 0 1 1 0 0 1 0 1 1 0 0 0 1 1 0 1 0 1 0 1 0 0 0 0 1 0 0 
0 1 1 0 1 1 0 0 1 0 1 1 0 1 0 1 0 1 1 1 1 1 0 0 1 1 0 0 0 0 0 1 0 0 1 1 1 1 1 1 0 0 1 0 1 0 1 0 1 0 1 1 0 0 0 1 0 0 1 1 1 1 1 1 1 1 0 0 0 0 1 0 0 0 1 0 0 0 0 1 0 1 1 0 0 0 0 1 0 0 
1 0 1 1 1 1 1 1 0 0 1 1 1 0 1 0 0 1 0 1 0 1 1 1 1 1 0 1 1 0 0 0 0 1 1 0 0 1 1 1 0 0 0 0 0 1 0 0 0 1 0 1 0 1 0 1 1 1 1 1 1 0 0 1 0 0 0 1 0 0 0 0 0 0 1 1 0 0 0 0 1 0 1 1 1 1 0 1 0 1 
0 1 1 1 0 1 1 0 0 0 0 1 0 0 1 1 1 0 0 1 0 0 0 1 0 1 0 0 0 0 1 0 0 0 1 1 1 1 1 0 0 0 0 0 0 1 0 0 0 0 1 1 0 0 0 0 0 1 1 1 1 1 1 0 1 0 0 1 1 1 0 1 1 1 0 1 1 1 0 1 0 0 1 1 0 0 1 1 0 1 
0 0 1 1 1 1 1 0 1 0 1 0 0 1 0 0 1 0 0 0 1 0 1 1 1 1 1 1 0 0 1 1 1 1 1 0 1 1 0 1 1 0 1 0 0 0 1 0 1 0 1 1 1 1 0 0 1 0 0 0 0 0 0 0 0 1 1 0 1 1 1 1 0 0 0 1 0 1 1 0 1 0 1 0 1 0 1 0 1 0 
1 0 1 1 0 0 0 0 0 1 1 0 1 1 0 0 0 0 1 0 0 0 0 1 1 0 1 1 0 1 1 0 0 0 1 1 0 0 0 0 1 1 0 0 1 0 0 0 1 0 0 1 1 1 0 0 1 0 0 1 0 1 0 1 0 0 1 0 0 1 0 1 0 0 1 0 1 1 1 1 1 1 0 1 0 1 1 1 0 1 
1 1 0 0 1 0 0 1 0 1 1 0 0 1 0 0 1 1 1 1 0 1 1 0 1 0 0 1 1 1 0 1 0 0 0 0 0 1 0 1 1 0 1 0 0 0 0 1 0 1 0 0 0 1 1 0 1 1 1 0 0 1 1 1 1 0 0 0 1 1 0 0 1 0 0 0 1 0 1 1 0 1 1 0 1 0 0 0 1 1 
1 0 0 1 1 1 0 0 0 0 1 1 0 0 0 1 1 1 1 0 1 1 0 0 0 1 0 0 0 1 0 0 0 0 0 0 1 1 1 1 1 0 1 0 0 1 0 1 1 1 0 1 0 0 0 0 1 1 1 0 0 1 1 0 0 1 0 0 1 1 1 0 1 0 0 1 1 0 1 1 1 1 1 0 0 0 0 0 0 1 
0 1 1 0 1 0 1 0 0 0 0 1 0 1 0 0 0 1 1 1 0 0 1 1 1 0 1 1 0 1 0 1 0 1 0 0 1 1 1 0 1 0 0 1 0 0 1 1 0 0 1 0 1 1 1 0 1 1 1 0 1 1 1 0 0 0 0 0 1 1 1 0 1 0 0 0 1 0 0 1 0 0 0 0 1 1 1 0 1 1 
0 1 0 1 0 0 0 1 0 1 1 1 1 0 0 0 1 0 0 1 1 0 1 0 0 0 1 1 1 1 0 0 1 1 0 0 1 0 1 0 0 0 0 1 0 0 0 0 1 1 1 1 0 1 0 1 1 0 1 1 1 1 1 1 0 0 0 1 0 1 1 1 1 1 0 0 0 0 0 0 1 0 1 1 1 0 1 0 0 0 
0 1 0 1 1 0 0 1 1 1 0 1 1 1 1 0 0 0 1 1 0 0 1 0 0 1 0 0 0 0 0 0 0 1 0 1 1 1 1 0 0 1 1 1 1 1 0 0 1 0 1 1 0 1 1 1 0 1 1 1 0 1 0 1 0 1 1 0 1 0 1 1 0 1 1 1 0 1 0 1 0 0 1 1 1 0 0 0 1 1 
0 1 1 1 0 0 0 0 1 1 0 0 1 1 0 1 0 0 0 0 0 1 1 0 0 1 1 0 0 0 0 1 0 0 1 1 1 0 1 0 1 1 0 1 1 0 1 0 1 1 0 0 1 1 0 0 0 1 0 0 0 0 1 1 0 1 0 0 0 0 1 1 1 0 1 1 1 1 0 0 1 1 0 1 1 0 0 1 0 0 
0 1 0 1 0 0 1 0 1 1 0 1 1 1 1 1 1 0 1 1 1 0 1 1 1 1 1 0 1 1 1 1 1 1 0 1 1 0 0 0 0 1 0 1 0 0 1 0 0 0 0 1 1 1 0 0 0 1 1 0 0 0 1 0 0 0 1 1 1 0 0 0 1 1 0 1 1 1 1 0 0 0 0 1 1 1 0 1 1 0 
0 0 1 0 1 0 1 1 0 0 0 1 0 0 0 1 1 0 1 1 1 0 0 1 1 0 1 1 1 1 0 1 0 1 0 1 0 0 1 0 0 0 1 1 0 1 0 1 1 0 1 1 1 0 0 0 1 0 0 0 1 0 1 1 0 1 0 1 0 0 0 1 1 0 0 0 0 0 0 1 0 1 0 1 0 0 0 0 0 1 
0 1 0 1 0 0 1 1 0 1 0 1 0 1 0 0 1 0 1 0 0 0 1 0 1 1 0 0 0 0 1 1 1 1 0 0 1 1 1 1 0 0 0 1 1 0 1 1 1 1 0 1 1 0 0 0 1 1 0 1 0 1 1 1 1 0 0 0 1 0 1 0 1 0 0 0 1 1 0 1 0 1 1 1 1 1 0 1 1 1 
0 0 1 0 0 0 1 1 0 0 1 0 0 0 1 1 0 0 1 0 0 0 0 0 0 1 0 0 0 1 1 0 1 1 1 0 0 1 1 0 1 0 0 0 0 0 0 0 0 1 1 0 1 0 0 1 0 0 0 0 1 1 0 1 1 0 1 0 0 0 1 1 1 0 1 1 1 0 0 1 1 1 1 0 1 0 1 0 0 0 
1 1 1 0 0 1 1 1 0 0 1 1 0 0 0 0 0 1 0 0 1 0 0 1 1 0 1 0 0 1 0 1 0 1 1 1 0 0 1 0 0 0 1 0 0 1 0 0 1 0 0 0 0 1 1 0 0 0 0 1 1 1 1 0 0 1 0 1 1 0 1 1 1 1 1 0 1 1 1 1 1 1 1 1 1 0 1 0 0 1 
1 0 0 0 1 1 1 1 1 1 1 1 1 0 0 1 1 1 1 0 0 1 0 1 1 1 1 1 0 0 1 0 1 0 1 1 0 0 1 1 1 1 0 0 0 0 0 1 1 1 0 0 1 0 0 1 1 1 1 1 0 0 1 0 0 1 1 1 1 0 0 0 1 1 0 0 1 1 0 1 0 1 1 1 1 1 0 1 1 1 
0 1 0 0 1 1 1 1 0 0 1 1 1 0 1 1 0 1 0 1 0 1 0 1 1 1 1 0 1 1 0 0 0 0 1 0 0 1 0 0 1 1 0 0 0 1 1 1 0 0 1 0 1 1 0 1 1 0 0 0 1 1 1 0 0 0 1 0 1 1 1 0 1 0 0 0 1 0 0 1 0 0 0 0 1 0 0 0 1 0 
1 1 1 1 0 1 0 1 0 1 0 1 1 0 0 0 1 1 1 0 0 0 1 1 1 1 0 0 1 0 0 1 1 0 1 1 0 1 0 0 0 1 1 0 0 0 0 1 1 1 0 0 0 1 1 0 0 1 0 0 1 0 1 1 0 0 0 0 1 1 0 0 0 1 1 1 0 1 1 1 1 1 1 0 1 0 1 1 1 0 
1 0 0 1 0 1 1 0 0 1 1 1 1 0 0 1 1 1 1 1 0 0 1 1 1 0 0 1 0 0 1 1 0 0 1 1 0 0 1 1 1 0 1 1 1 0 1 0 1 0 0 1 0 1 1 1 1 0 0 1 1 1 0 0 0 0 1 0 1 1 1 1 1 0 1 1 0 1 0 0 1 1 1 0 0 0 0 0 1 1 
1 1 0 0 0 0 1 0 1 1 0 0 0 1 1 0 1 1 1 0 1 0 1 1 1 0 0 1 0 1 0 0 0 1 0 0 0 0 0 0 0 1 1 1 1 1 1 0 1 0 1 0 0 0 1 1 0 1 1 1 1 1 0 0 0 1 0 1 1 1 1 0 1 0 0 1 0 1 1 1 1 0 0 1 0 0 1 0 1 0 
1 0 0 0 1 1 1 1 1 0 0 1 0 1 1 1 0 0 1 0 0 1 0 0 0 0 0 1 1 0 0 0 1 1 0 1 0 1 0 0 1 0 1 0 0 0 1 0 1 0 1 0 0 1 1 0 1 0 0 1 0 0 0 0 1 1 0 0 1 1 0 1 0 0 1 0 1 1 1 0 1 0 0 0 0 0 0 0 0 0 
0 0 0 1 1 0 0 1 0 1 0 1 1 0 0 0 0 1 0 1 1 0 0 0 0 0 1 1 1 0 0 1 1 1 0 0 0 1 0 0 1 1 0 0 1 1 1 0 1 1 1 1 1 0 1 1 0 0 1 0 1 1 0 0 1 0 1 1 1 1 1 0 1 1 0 0 0 0 0 0 0 0 0 1 1 1 1 1 0 1 
1 0 1 1 0 1 0 0 0 0 0 0 0 0 1 1 0 1 0 0 0 0 1 0 1 1 0 0 0 1 1 1 1 0 0 1 1 0 0 0 1 1 0 1 1 1 1 0 1 0 0 0 0 1 0 1 0 1 1 0 0 0 1 0 0 1 1 1 0 0 1 0 1 0 0 0 0 0 0 0 1 1 0 1 1 1 1 1 1 1 
0 1 1 1 1 1 0 0 1 1 1 0 0 1 0 1 0 0 0 0 1 0 1 1 1 0 0 1 0 0 0 1 0 0 0 0 1 1 1 0 0 1 1 1 1 0 1 0 0 0 0 0 1 1 1 1 0 1 0 1 1 1 1 0 0 1 1 0 0 1 0 0 1 1 0 0 0 1 1 1 1 0 1 0 1 1 0 1 0 0 
1 1 0 1 0 1 0 1 1 0 0 1 1 1 1 1 1 1 0 0 1 0 1 0 1 1 0 1 0 1 1 1 1 0 1 1 1 1 1 0 0 0 1 1 0 0 0 1 1 0 1 0 0 1 1 1 0 0 1 0 1 0 0 0 0 0 1 0 0 0 0 0 0 1 0 0 0 0 1 1 1 0 1 0 0 0 1 1 1 1 
1 1 0 0 0 0 0 0 0 1 1 0 1 0 1 0 1 0 0 0 0 1 1 1 0 1 0 0 0 1 1 1 0 0 0 1 1 1 1 0 0 1 1 0 1 0 1 0 0 0 1 0 0 1 0 0 0 1 0 0 0 1 0 0 0 0 0 1 0 0 1 1 0 0 0 1 0 1 0 1 0 1 1 1 1 1 0 1 0 1 
0 1 1 1 1 1 0 0 1 0 1 1 0 0 1 1 0 0 1 1 1 1 1 1 0 1 0 1 1 1 0 1 1 0 1 0 0 1 0 0 1 1 1 0 0 1 1 1 1 0 0 1 1 0 0 1 0 0 0 1 1 1 0 1 0 0 0 0 0 1 0 1 0 0 0 0 0 0 0 0 1 1 1 1 0 1 1 1 0 0 
0 1 0 1 1 0 0 0 1 0 1 1 1 0 1 1 1 0 0 0 1 1 0 1 1 0 1 0 1 0 1 0 1 0 1 1 0 1 1 0 0 1 0 1 1 0 0 1 0 0 0 1 0 1 1 0 1 0 1 1 1 1 0 1 0 0 1 1 1 1 1 1 0 0 0 1 1 1 0 1 0 1 1 0 0 1 0 0 1 0 
0 1 0 0 0 0 1 1 1 1 1 0 1 0 1 0 1 1 1 0 0 1 1 1 0 0 0 1 1 0 1 1 1 0 0 1 1 0 0 1 0 0 0 0 0 0 1 1 1 0 0 1 0 1 1 1 1 1 1 1 1 0 1 0 0 0 0 0 1 0 1 0 0 1 1 0 1 0 0 0 0 1 0 1 0 0 1 1 0 1 
0 0 1 0 1 0 0 0 1 0 1 1 1 0 0 0 0 1 1 0 1 0 1 0 1 1 1 0 0 0 1 0 1 0 1 0 0 1 1 1 0 0 1 0 0 1 0 0 1 1 0 1 0 0 1 0 1 1 1 1 1 1 0 1 0 0 1 1 0 0 0 0 0 1 1 1 1 1 1 0 0 0 0 1 0 0 1 1 1 1 
0 0 1 0 0 1 1 1 1 1 1 1 0 0 1 0 0 0 0 1 1 0 0 0 0 1 0 0 1 1 1 1 1 0 1 1 0 1 1 1 0 1 0 1 0 1 1 1 0 1 1 1 1 1 1 1 1 1 0 1 1 1 0 1 1 1 1 0 0 0 0 1 1 0 0 0 0 0 0 0 0 1 0 1 0 1 1 1 1 1 
1 1 1 0 1 1 1 1 1 0 0 1 1 0 1 1 1 1 0 1 1 1 1 1 0 1 0 0 1 1 0 1 1 1 0 1 0 0 0 1 0 1 0 1 0 0 0 1 0 0 1 1 0 0 0 1 0 1 0 0 0 1 1 0 0 1 0 1 0 0 0 0 0 1 1 1 0 0 1 1 1 0 0 0 0 0 1 1 1 1 
1 0 1 1 1 0 1 1 0 1 1 1 1 1 0 0 0 1 0 1 1 1 0 1 0 1 1 1 1 1 0 0 1 1 1 0 1 1 1 0 0 0 1 1 0 1 1 0 0 0 0 0 1 1 0 1 1 1 0 1 1 1 1 1 1 1 1 0 1 1 1 1 1 1 1 0 1 0 1 0 0 1 1 1 0 0 0 1 0 0 
0 0 1 1 0 0 1 1 0 0 0 1 1 0 0 0 0 0 0 1 0 0 1 1 0 0 1 0 0 0 1 0 1 1 0 0 1 0 0 1 1 0 1 1 1 1 1 1 0 1 1 0 0 0 1 1 0 0 0 1 0 1 1 1 0 0 0 1 0 1 0 0 1 0 0 1 1 1 1 0 0 0 1 1 0 0 0 1 0 1 
1 0 0 1 1 0 1 1 0 0 1 0 1 0 1 0 1 1 1 1 0 0 0 1 1 0 1 1 0 1 0 1 1 1 0 1 1 0 1 0 1 0 1 1 1 1 0 1 0 1 0 0 0 0 0 0 1 1 1 1 1 0 0 1 1 1 0 1 0 1 0 1 0 1 1 1 0 1 1 1 0 0 1 1 1 0 1 0 1 0 
1 1 0 1 1 0 0 1 0 0 0 1 0 0 1 1 1 0 0 0 1 1 1 0 1 1 0 0 0 1 0 0 0 0 1 0 1 0 1 1 0 0 0 1 1 1 0 0 1 1 0 0 0 1 1 1 0 1 0 1 1 0 0 1 1 0 1 0 0 1 1 1 0 1 0 1 1 0 0 1 1 0 1 0 0 0 0 0 1 0 
0 0 0 0 0 1 1 1 0 0 0 1 1 0 0 1 1 1 1 1 1 0 1 0 1 1 0 0 0 0 0 0 0 0 1 0 1 1 0 1 1 0 1 0 1 0 0 0 1 1 1 0 0 1 0 1 1 0 0 1 0 1 0 1 1 0 1 0 0 1 1 1 0 0 0 1 1 1 0 1 0 0 0 1 1 1 1 0 1 1 
0 1 0 0 0 0 0 0 0 0 1 1 0 1 0 0 0 0 0 1 0 0 0 1 0 1 0 1 0 1 0 1 1 1 1 0 1 1 1 0 1 1 1 0 1 0 1 0 0 0 0 1 1 1 1 0 1 1 1 1 0 0 0 0 0 1 0 0 0 1 0 0 0 0 1 0 0 1 1 0 0 1 0 1 1 1 0 1 1 1 
