50 70 8
290.0 201.0 240.0 194.0 208.0 235.0 162.0 251.0 332.0 319.0 269.0 175.0 299.0 281.0 259.0 286.0 242.0 257.0 285.0 226.0 274.0 316.0 172.0 210.0 217.0 249.0 317.0 202.0 239.0 337.0 246.0 281.0 261.0 149.0 264.0 218.0 251.0 308.0 275.0 199.0 340.0 224.0 194.0 311.0 293.0 312.0 274.0 301.0 232.0 231.0 
4.3 4.3 4.1 4.2 3.1 4.0 4.1 3.4 4.3 3.6 3.8 4.3 3.3 3.7 3.1 3.5 4.2 4.8 3.4 3.9 4.9 3.7 4.0 2.3 4.5 3.5 5.1 4.6 3.2 3.8 4.7 3.3 3.4 5.0 3.0 5.2 4.5 3.5 3.3 5.3 4.2 2.6 3.9 3.4 3.7 4.0 5.0 2.2 5.1 4.8 5.1 3.2 5.2 4.0 3.8 4.1 2.6 4.9 3.0 4.1 4.3 4.6 3.9 3.7 3.5 4.0 3.7 4.8 5.4 3.5 
0 1 0 0 1 0 1 0 1 1 0 0 0 0 1 0 1 0 1 1 0 0 1 1 0 0 0 1 1 1 1 1 1 0 0 1 0 0 0 0 0 0 1 1 0 0 1 0 1 0 0 1 0 1 1 0 1 0 1 0 0 0 0 0 1 0 1 1 0 0 
0 1 0 1 0 1 0 0 0 0 1 1 0 1 1 1 1 0 1 1 0 0 1 1 1 1 0 0 0 0 0 1 0 0 1 1 0 0 0 0 0 1 0 0 1 0 0 1 1 1 0 0 0 0 0 0 1 1 0 1 1 0 1 0 1 0 1 0 0 0 
1 0 1 1 0 1 0 1 0 1 1 1 1 1 0 0 0 1 1 1 1 1 1 1 0 1 0 0 0 0 0 1 1 0 0 0 1 0 0 1 0 0 1 1 0 1 0 0 1 0 0 1 0 1 0 0 0 0 0 0 0 1 0 0 1 0 0 0 0 0 
0 1 1 1 1 0 1 1 1 1 1 0 1 1 1 0 0 0 1 0 1 0 1 0 1 0 1 1 1 0 1 0 0 0 0 0 1 1 0 1 1 0 0 0 1 0 1 0 0 1 0 1 0 1 0 0 1 0 0 1 1 0 1 1 0 1 1 1 0 0 
1 1 1 1 0 0 1 0 0 1 0 1 0 1 1 0 1 1 1 0 1 1 1 0 1 0 1 1 0 0 0 0 0 0 1 1 0 0 1 0 0 1 1 1 0 1 1 1 0 1 1 1 0 0 0 1 1 0 1 0 0 0 1 1 0 1 1 1 0 0 
1 0 0 0 1 0 0 0 0 0 0 0 0 0 0 1 0 0 1 0 0 1 1 0 1 0 0 0 1 0 1 1 1 0 0 0 1 1 1 1 1 0 1 0 0 0 1 1 0 1 1 0 1 1 1 0 0 1 1 0 0 1 1 1 0 1 0 1 1 1 
1 0 1 0 1 1 1 1 1 1 0 0 0 0 0 1 0 1 0 0 1 1 0 0 0 0 0 0 1 0 1 1 0 0 0 0 0 0 1 1 0 0 1 0 1 1 0 0 1 0 0 0 0 1 1 0 0 0 0 1 0 0 0 0 1 0 0 0 0 0 
1 1 1 1 1 1 1 1 1 0 0 0 1 1 1 0 0 1 0 0 1 1 0 0 0 1 0 0 0 0 0 0 0 0 0 1 0 0 0 1 0 1 1 1 0 1 1 1 1 1 1 1 1 0 0 0 1 0 1 1 0 1 1 0 1 0 1 1 0 0 
0 1 0 1 0 0 1 1 1 1 1 0 1 0 1 1 1 1 1 0 1 0 0 1 1 1 0 0 0 0 0 1 1 0 1 1 1 1 0 0 1 1 1 0 1 1 0 1 0 1 0 0 1 0 1 1 1 1 0 1 0 0 0 0 0 1 0 0 1 1 
0 0 0 0 0 0 0 1 1 0 0 0 1 0 1 1 0 0 0 1 1 1 1 1 0 0 0 1 0 0 1 1 1 1 1 1 0 0 0 0 0 1 1 1 1 0 0 1 0 0 1 0 0 1 1 1 0 1 1 0 1 1 0 0 0 1 0 0 1 0 
1 1 0 1 1 1 1 0 1 1 0 1 1 0 0 0 0 1 1 0 0 0 1 1 1 1 1 0 1 0 0 0 0 1 1 0 1 0 1 0 1 0 0 1 0 0 0 1 1 0 0 1 1 0 1 0 0 1 1 1 1 0 1 0 0 0 1 0 0 1 
1 1 0 1 0 1 1 1 1 0 0 1 1 1 0 1 1 1 0 1 0 1 0 1 1 1 1 1 1 0 0 1 1 0 0 0 1 1 1 0 1 1 0 0 0 0 1 1 0 1 0 1 0 0 1 1 0 1 1 0 1 1 0 0 0 1 1 1 1 0 
1 0 0 0 0 0 0 0 1 0 1 1 0 0 1 0 1 1 0 1 0 0 0 0 0 1 1 1 0 1 0 1 1 0 0 1 0 1 0 0 1 1 1 0 0 1 0 0 0 1 0 1 1 1 1 1 1 1 0 1 1 0 1 0 1 0 1 1 0 0 
1 1 1 0 0 0 0 1 1 0 0 1 1 1 1 1 1 0 1 1 1 0 1 0 0 1 0 1 0 0 1 1 1 0 0 1 0 1 1 1 0 1 1 0 1 1 0 1 1 0 0 0 0 1 0 1 1 0 1 1 1 0 0 1 0 0 1 1 1 0 
1 0 0 1 0 0 0 1 0 1 0 0 0 0 1 1 0 1 0 1 1 1 0 0 1 0 0 0 1 0 0 1 0 1 1 0 0 1 0 0 1 0 1 0 1 0 0 1 0 0 0 0 1 1 1 1 0 1 0 1 0 0 1 0 0 0 0 0 1 1 
0 1 1 1 0 1 1 0 0 1 1 0 1 0 0 0 0 0 1 1 1 1 1 1 0 0 1 1 0 1 0 1 1 0 1 0 1 1 0 1 1 1 1 1 1 0 1 0 1 1 0 1 1 1 1 0 1 1 1 1 0 1 0 1 0 0 1 1 1 1 
0 0 1 0 1 0 1 0 0 0 0 1 1 0 1 0 1 1 0 1 1 0 0 1 1 1 0 1 1 0 1 0 1 0 0 0 1 0 1 0 0 1 1 1 1 0 0 0 1 0 0 0 0 0 1 1 1 0 1 0 0 0 0 0 1 1 1 1 0 1 
0 1 1 0 1 1 0 1 0 0 1 1 0 1 0 1 0 1 1 1 1 1 1 0 1 1 1 1 0 1 1 0 1 1 1 1 1 1 0 1 0 0 0 1 1 1 0 1 0 1 0 1 0 1 1 1 1 1 0 0 0 0 0 0 0 0 0 0 1 1 
1 0 1 0 0 1 1 1 1 1 0 1 0 1 0 1 1 0 0 0 1 0 1 0 1 1 1 0 1 1 1 0 1 0 1 0 1 0 0 0 1 1 1 1 1 0 1 0 1 1 0 0 0 1 1 1 1 1 0 0 0 1 0 0 1 1 0 1 1 0 
1 0 1 0 0 0 0 1 1 0 0 1 1 1 0 1 0 1 1 1 1 0 1 1 1 0 1 0 1 0 1 0 1 1 1 0 0 0 1 0 0 0 1 1 0 0 0 1 1 1 1 0 0 0 1 0 0 0 1 0 1 0 0 1 0 0 1 0 0 1 
0 1 1 1 1 1 1 1 0 0 1 1 1 1 0 0 1 1 0 0 1 0 1 1 0 0 0 0 0 1 1 1 0 0 0 0 0 1 0 1 0 0 0 1 0 0 0 0 0 1 1 1 1 0 1 0 0 1 0 0 1 0 0 1 1 1 0 0 0 0 
1 0 0 0 0 1 0 1 1 1 0 0 1 1 0 1 1 0 1 0 1 1 0 0 0 1 0 1 1 1 1 0 1 1 0 0 0 0 1 1 0 0 1 1 0 1 1 0 0 0 0 0 1 0 1 0 1 0 0 0 1 1 0 1 0 1 1 1 0 0 
0 1 1 1 0 1 0 1 0 1 1 1 1 0 1 1 0 1 0 0 0 0 1 0 1 1 1 0 1 0 0 0 0 0 0 1 0 0 1 0 0 1 0 0 1 0 0 1 0 1 1 0 0 0 0 0 1 1 0 1 0 0 0 0 1 0 1 1 1 1 
1 1 1 1 0 0 1 0 1 0 1 1 0 1 0 0 0 1 1 0 0 0 0 0 0 0 1 0 1 0 1 1 0 0 0 0 0 0 1 0 1 0 0 1 0 0 0 1 0 1 1 1 1 1 1 1 1 1 1 0 1 0 0 1 0 1 1 1 0 0 
1 1 1 0 1 1 0 1 1 1 0 1 1 0 0 0 1 1 1 0 0 1 0 1 0 0 1 1 0 0 1 0 1 0 1 1 1 1 1 0 0 1 0 0 1 0 0 0 0 0 0 1 0 1 0 0 0 0 0 0 0 1 1 1 1 1 0 1 0 1 
0 0 0 0 0 1 1 1 0 0 1 1 1 1 1 1 1 1 1 0 0 0 1 0 0 0 1 0 0 1 0 0 1 1 1 1 1 1 1 0 1 1 1 1 0 0 1 0 0 1 0 1 0 1 0 0 1 1 0 0 0 0 0 1 1 0 1 0 1 0 
0 0 1 0 0 1 0 1 0 1 1 0 0 1 1 1 1 1 1 0 1 1 1 1 1 0 0 1 1 0 0 0 0 1 1 1 1 0 0 0 0 1 1 1 1 1 1 1 0 1 0 0 1 1 1 0 0 0 1 0 1 0 1 1 1 0 0 0 0 0 
1 0 1 0 1 1 1 1 1 0 1 0 0 0 0 0 0 0 0 0 1 0 1 0 1 1 1 1 0 0 1 1 1 1 1 1 1 1 1 1 0 1 1 1 1 0 1 1 0 0 0 1 0 1 0 0 1 1 0 0 1 1 1 0 1 1 1 1 0 1 
1 0 0 0 0 1 0 0 0 1 1 0 0 1 0 0 1 1 0 0 1 1 0 0 1 0 1 0 1 1 0 0 1 1 0 0 1 1 0 1 1 0 1 0 1 1 1 0 0 0 1 1 0 1 0 1 1 0 0 0 0 1 0 1 0 1 0 1 0 1 
1 0 0 0 0 1 0 0 1 1 0 0 0 0 0 1 0 1 1 1 0 0 0 0 1 1 0 0 0 1 0 0 1 0 1 1 0 0 0 1 1 0 1 1 0 1 1 0 1 1 0 1 0 0 1 0 1 1 0 1 0 0 0 1 1 0 0 0 0 0 
0 0 1 1 1 0 0 0 1 1 0 0 1 1 1 1 1 0 0 0 0 1 0 0 1 1 0 0 1 1 0 1 1 0 0 0 0 0 1 0 0 1 0 0 0 0 0 1 0 1 0 0 0 0 1 0 1 0 1 1 0 0 1 1 0 0 0 0 0 1 
1 1 1 0 1 1 1 1 1 1 1 1 0 0 1 1 1 0 1 1 1 1 1 0 1 1 0 0 1 1 1 0 0 0 1 0 0 0 0 1 1 1 0 1 1 0 1 0 0 0 0 1 1 0 1 0 0 1 0 0 1 1 0 1 1 1 0 0 0 0 
1 0 1 0 0 0 1 0 0 0 1 0 1 0 0 1 0 0 1 0 1 1 1 0 0 1 1 1 0 0 0 1 0 1 1 1 1 0 1 1 1 0 0 1 0 0 0 1 1 1 0 1 1 1 1 1 1 1 1 1 0 1 1 1 0 0 1 0 1 0 
0 0 0 1 0 1 1 1 1 1 1 0 1 0 1 0 0 1 0 0 0 1 0 0 1 1 0 1 0 0 1 1 1 0 0 1 1 0 1 0 1 0 1 0 0 0 1 1 1 0 0 0 1 0 0 0 0 1 0 1 1 0 1 0 0 1 1 1 0 0 
1 1 0 0 1 0 1 1 1 1 0 1 0 1 0 1 1 1 1 0 1 1 1 1 1 1 1 1 0 0 1 0 0 0 0 1 0 0 1 1 1 0 1 0 1 1 1 1 0 1 1 0 1 1 0 0 1 1 0 1 1 0 0 0 0 0 0 1 0 0 
0 0 1 0 0 1 1 1 1 0 0 1 1 1 0 1 1 1 0 0 0 0 0 1 1 0 0 1 1 0 0 1 0 1 1 0 1 0 0 0 0 0 1 1 1 0 1 0 1 0 1 1 0 0 1 1 0 0 1 1 1 1 0 0 1 1 0 1 1 0 
0 0 1 1 1 1 1 0 0 0 0 0 1 0 1 1 0 1 1 1 0 1 1 0 0 0 0 1 0 0 1 1 1 0 0 0 0 1 0 1 1 1 1 1 1 0 0 1 1 1 0 1 0 0 1 0 1 0 0 0 1 0 0 0 1 0 0 0 1 1 
0 1 1 1 0 0 0 0 1 1 1 0 1 1 0 1 1 0 1 0 1 0 1 0 0 0 0 0 1 0 1 1 1 1 1 0 1 1 0 0 0 1 1 0 0 1 0 0 0 0 0 1 1 0 1 0 1 1 0 1 1 1 0 0 1 1 0 0 0 1 
1 0 0 0 1 0 1 0 1 1 0 0 1 1 0 0 1 0 0 0 0 1 0 1 1 1 0 0 0 1 1 0 0 0 0 0 1 1 1 1 1 0 0 1 0 1 0 1 1 1 0 1 0 1 0 0 1 0 1 0 1 0 0 1 0 0 0 1 1 1 
1 1 0 0 1 1 1 0 1 0 0 0 1 1 1 0 1 0 0 1 0 1 1 0 1 0 0 1 1 0 0 1 0 0 0 1 0 1 1 0 1 0 0 1 0 0 1 1 1 0 0 1 1 0 1 1 1 0 1 0 0 1 0 1 1 0 1 0 1 1 
1 1 1 0 1 1 0 0 0 1 0 1 0 1 0 1 1 0 0 1 0 1 1 0 1 1 1 0 0 1 1 0 0 1 0 1 0 1 0 0 1 0 1 0 0 1 0 1 1 1 1 0 0 1 0 0 0 0 0 0 0 0 0 0 1 1 1 1 0 1 
0 0 0 1 0 0 0 0 0 1 1 0 1 0 1 1 0 1 0 0 1 0 0 0 0 1 0 1 0 0 0 0 1 0 0 1 0 0 1 0 1 0 1 1 1 0 0 0 0 0 1 0 0 0 1 0 1 0 0 1 0 1 1 1 1 1 1 1 1 0 
0 0 1 1 1 1 1 1 0 1 1 0 1 0 0 1 1 1 1 0 0 1 0 1 0 1 0 1 0 0 0 1 0 0 1 1 0 1 0 0 1 0 1 0 1 0 1 0 0 0 0 0 0 1 0 0 1 1 0 1 0 1 1 0 0 0 1 0 0 0 
1 1 1 1 1 0 1 0 1 1 1 1 1 1 0 1 1 1 1 1 0 0 0 1 0 0 1 0 1 1 0 0 1 0 1 1 1 1 1 1 0 1 0 1 0 1 1 1 0 0 0 0 1 0 1 1 0 0 1 0 1 1 0 0 1 1 1 0 0 1 
1 1 0 0 1 1 0 0 1 1 0 0 0 0 0 0 1 0 1 0 1 0 1 1 0 0 1 0 0 0 1 0 1 0 1 0 0 0 0 0 0 1 0 0 1 1 0 1 1 1 0 0 0 0 1 1 1 0 0 0 0 0 0 1 0 0 0 0 1 1 
0 1 1 0 1 1 0 1 0 0 1 1 1 1 0 1 1 1 0 1 1 1 1 0 1 0 0 1 1 0 1 1 0 0 1 1 0 1 0 0 1 1 0 1 0 1 1 0 0 1 0 0 1 1 0 0 1 0 1 0 0 1 0 1 1 0 1 0 0 0 
1 1 1 1 1 0 1 0 1 0 1 0 1 0 0 1 0 0 0 1 0 0 1 0 0 0 0 1 0 0 0 1 1 0 1 1 0 0 1 0 0 1 0 1 1 1 0 0 1 0 1 0 0 0 0 1 1 1 1 1 1 1 1 1 0 0 0 1 0 1 
1 0 1 1 0 0 0 0 0 1 0 0 0 1 1 0 0 1 0 1 1 1 0 1 0 1 1 0 1 0 1 0 0 0 1 1 0 0 0 0 1 0 1 0 0 0 1 1 0 1 0 0 0 0 0 1 1 1 0 0 1 0 0 1 0 0 0 1 1 1 
1 0 1 0 0 0 0 1 0 1 0 1 0 0 0 1 0 1 1 0 1 0 1 1 1 0 0 0 0 0 1 1 1 1 1 0 0 1 1 1 1 0 1 1 0 1 1 0 0 0 0 0 0 0 0 0 0 0 1 1 0 0 0 0 1 0 0 1 1 0 
1 0 1 1 0 1 1 0 0 1 1 1 1 0 1 0 1 1 0 0 1 1 0 1 0 1 0 0 1 0 0 0 1 1 0 0 0 0 0 1 0 0 0 1 0 1 0 1 0 0 0 0 1 1 1 0 0 0 0 1 1 0 1 0 1 0 0 0 1 1 
