50 90 8
207.0 349.0 280.0 235.0 215.0 212.0 195.0 288.0 289.0 136.0 205.0 236.0 178.0 215.0 258.0 332.0 241.0 340.0 156.0 176.0 294.0 231.0 230.0 189.0 305.0 122.0 235.0 194.0 251.0 267.0 227.0 322.0 242.0 163.0 242.0 281.0 197.0 251.0 331.0 243.0 195.0 177.0 208.0 210.0 159.0 271.0 309.0 190.0 255.0 202.0 
4.4 3.3 4.0 4.5 4.3 3.5 3.0 4.5 3.7 4.8 2.6 2.9 3.6 3.8 2.7 4.4 2.7 2.4 3.3 3.5 4.4 4.2 6.1 3.5 3.0 4.0 4.8 3.0 3.5 4.5 2.1 2.6 4.3 5.3 3.0 1.8 4.2 3.3 5.4 4.4 4.6 3.6 3.4 2.3 3.6 4.4 4.6 3.9 2.9 3.3 4.6 5.1 3.5 5.3 4.5 3.3 4.0 3.9 4.0 4.7 3.9 5.1 2.7 4.0 4.8 2.6 1.9 4.7 3.7 3.6 5.1 2.2 4.5 3.8 5.5 2.9 3.2 5.1 4.0 4.6 4.4 4.0 4.3 4.3 3.9 3.1 2.5 3.5 3.0 2.5 
0 1 0 1 1 0 0 0 0 1 1 0 0 1 1 0 0 1 0 1 1 0 1 1 1 1 0 0 1 1 0 0 1 0 1 0 1 0 1 1 1 1 0 1 0 1 1 1 0 1 0 1 1 0 0 1 0 1 1 0 0 1 1 1 1 0 1 0 1 1 0 0 0 1 0 0 1 0 0 0 1 1 1 1 0 0 1 1 0 1 
1 0 1 0 1 1 0 1 0 0 0 0 1 1 1 1 0 0 0 0 1 0 0 0 0 0 0 0 0 0 1 0 0 0 0 1 0 1 0 0 0 1 0 1 0 0 0 0 0 1 1 1 0 0 1 1 0 1 0 0 0 0 0 0 1 1 0 0 0 1 1 1 1 0 0 0 0 1 0 1 0 1 1 1 1 1 0 1 1 0 
0 1 1 1 1 1 0 1 1 1 1 0 0 0 1 1 1 1 0 0 0 1 0 1 1 0 0 0 1 0 1 0 0 0 1 0 0 0 1 0 0 1 0 0 0 1 0 0 0 1 0 0 0 1 1 1 0 0 1 0 1 0 1 0 1 1 0 0 1 1 1 1 0 0 0 1 0 1 1 0 0 0 0 0 0 1 0 0 0 1 
0 0 0 1 1 0 0 1 1 1 0 0 0 1 0 1 1 1 1 1 0 0 1 0 1 1 0 0 1 0 1 0 1 1 1 0 0 0 1 0 0 0 0 1 1 0 1 1 0 0 1 1 1 1 1 0 0 0 1 0 0 1 0 1 0 0 1 0 0 0 1 0 1 1 0 1 1 1 0 1 1 1 1 0 1 0 1 1 0 1 
1 0 1 1 0 0 0 1 1 1 0 1 1 1 1 1 0 0 1 1 0 1 1 0 0 0 1 1 0 0 0 1 0 1 0 1 1 0 1 0 0 0 0 1 1 0 1 1 1 1 0 0 1 1 1 1 0 1 0 1 0 1 0 0 0 0 1 1 1 1 1 0 0 1 1 1 1 0 1 0 0 1 0 1 1 0 0 1 1 1 
1 0 1 1 0 1 0 0 0 0 1 1 1 1 1 1 0 1 0 1 1 0 1 1 0 1 0 1 0 1 0 0 0 0 1 1 0 1 0 1 1 0 1 1 1 0 1 1 1 0 1 0 1 1 0 0 1 1 1 0 0 0 0 0 1 1 1 1 1 0 1 0 1 1 1 0 1 0 1 0 1 1 0 1 1 0 1 1 1 1 
0 1 0 0 1 1 1 0 0 1 1 0 0 1 1 1 1 1 0 0 1 0 1 1 1 1 1 1 1 0 1 0 1 1 1 0 1 1 0 0 1 0 1 1 0 0 1 0 0 0 1 1 0 1 0 1 0 0 1 0 0 0 0 0 1 0 0 1 0 0 0 1 1 0 0 1 1 0 1 1 0 1 0 1 1 0 0 1 0 0 
1 1 0 0 1 1 1 1 1 1 1 1 0 1 0 1 1 1 0 1 0 0 0 1 0 0 1 0 0 1 0 0 0 1 1 1 1 1 1 1 0 0 0 1 1 0 1 0 0 0 1 0 1 0 0 0 1 0 1 0 1 1 0 0 0 0 1 1 1 0 0 0 0 1 0 0 0 1 0 0 0 0 1 0 0 1 1 0 1 0 
0 0 0 1 0 0 1 0 1 1 0 1 0 0 1 0 0 0 0 0 0 0 0 1 1 1 0 0 0 0 0 1 1 0 1 1 1 1 0 0 1 0 1 1 1 1 0 0 0 1 0 0 0 1 0 0 1 0 0 1 1 1 0 0 0 0 0 1 1 1 1 1 0 1 1 1 0 1 0 0 0 1 1 1 1 0 0 1 1 0 
1 1 1 1 0 0 1 0 1 1 0 0 0 1 1 1 1 0 1 0 0 1 0 1 1 0 0 0 1 0 0 0 1 0 1 0 1 1 1 0 0 1 0 1 1 0 0 0 0 0 0 0 1 1 0 1 1 0 0 1 1 1 0 1 0 1 1 1 1 1 0 0 1 1 1 0 1 0 0 1 0 1 1 0 0 1 0 0 1 1 
1 0 0 1 0 0 0 0 1 0 1 0 1 1 1 1 0 1 1 1 1 0 1 1 0 0 1 1 1 1 1 0 1 1 1 0 1 0 1 1 1 0 1 1 1 0 1 0 0 1 0 0 1 1 1 0 0 1 1 0 0 0 1 0 0 1 1 0 0 1 1 1 1 1 1 0 0 0 0 1 0 1 1 1 0 0 1 0 0 0 
0 1 1 1 1 0 1 0 0 1 1 1 0 1 0 0 1 1 0 1 0 1 0 1 0 0 1 1 1 0 0 0 0 0 0 0 0 1 0 0 1 0 0 0 0 0 1 1 1 1 1 1 0 0 1 1 1 0 0 1 1 0 1 1 0 1 1 1 0 1 1 0 0 0 0 0 1 0 0 1 1 1 1 1 0 1 1 1 0 1 
0 1 1 0 0 1 1 0 1 1 1 1 0 0 0 1 1 1 1 1 0 0 0 0 1 0 1 1 1 0 0 0 1 1 1 0 1 1 1 1 0 0 0 1 0 0 0 0 1 1 0 0 0 1 0 1 0 1 0 0 0 0 1 1 0 0 1 1 1 0 1 0 1 0 1 1 0 1 0 1 1 0 0 0 0 1 0 0 0 1 
1 1 0 1 1 1 1 0 0 0 1 0 1 0 1 0 1 0 1 0 0 0 0 1 0 0 1 0 0 0 0 0 1 0 1 1 0 0 1 0 0 1 1 1 1 1 0 0 0 1 1 1 1 0 0 0 1 0 0 0 0 0 1 0 0 1 0 0 1 1 0 0 1 0 0 0 0 0 1 0 0 0 1 1 1 1 1 1 1 1 
1 1 1 0 1 1 0 1 1 0 1 0 1 0 0 1 0 1 1 1 1 0 1 1 0 1 0 0 1 1 0 0 0 1 0 0 0 0 1 1 1 1 1 1 1 1 0 1 0 0 1 0 0 1 1 0 0 1 1 1 1 0 0 0 1 1 1 0 0 0 1 0 1 0 1 1 1 1 1 1 0 0 1 0 1 1 1 0 0 0 
1 0 0 1 1 0 0 0 1 0 1 0 1 0 0 0 0 0 0 0 0 0 0 1 1 1 1 0 1 1 0 0 0 1 0 1 0 0 1 0 1 0 0 1 1 0 1 0 0 1 1 1 0 1 0 0 0 1 1 0 1 0 1 0 1 0 0 0 0 0 0 1 0 1 1 0 0 0 1 0 1 0 0 0 1 1 1 1 0 0 
1 0 0 0 1 1 1 1 1 0 1 1 0 0 1 1 1 0 1 1 1 1 0 0 1 1 1 0 1 1 1 1 1 0 1 0 1 0 0 1 1 0 0 1 1 1 0 1 0 0 0 1 0 0 1 1 0 1 1 0 1 0 0 1 0 1 1 1 0 0 1 0 0 0 0 0 1 0 1 0 0 0 0 0 1 0 0 1 1 1 
1 1 0 0 0 1 0 0 0 1 1 1 0 1 1 1 0 1 0 1 0 1 1 0 0 1 1 1 1 0 1 1 1 0 1 0 0 0 0 0 1 0 0 0 1 1 1 1 1 0 1 1 1 1 1 0 0 1 1 0 0 1 0 1 1 0 1 0 1 1 1 1 0 0 0 1 0 0 0 0 1 1 0 1 0 1 0 1 0 1 
0 0 1 0 0 0 0 1 0 0 0 1 0 1 1 0 0 1 1 1 0 1 1 1 1 0 1 1 1 0 0 1 1 1 0 0 0 1 0 1 1 1 0 1 0 1 0 0 1 0 1 1 0 0 1 0 0 1 1 1 1 0 0 1 0 0 1 0 0 0 0 0 0 0 0 1 1 1 0 0 1 1 0 1 1 0 1 0 0 0 
1 1 0 1 1 0 0 1 0 1 1 1 1 1 1 0 1 1 0 1 1 1 1 0 1 0 1 0 0 1 1 0 0 1 1 1 0 0 0 1 0 0 1 0 1 0 1 1 0 1 0 1 0 1 0 0 0 1 1 0 0 0 1 0 0 0 0 0 0 1 0 1 1 0 1 1 0 0 1 1 0 0 1 0 1 0 0 0 0 0 
0 0 1 1 0 0 1 1 0 1 0 0 1 0 1 1 0 0 1 1 1 0 1 0 0 1 1 0 1 1 1 0 0 1 0 0 1 0 0 0 0 0 0 1 1 0 0 0 1 1 1 1 0 1 1 1 0 1 0 1 0 1 0 1 1 1 1 0 0 1 0 1 0 1 1 1 0 1 1 1 1 1 1 1 0 1 1 1 1 1 
0 1 1 1 1 0 0 1 0 1 1 0 0 0 0 1 0 1 0 0 0 1 0 1 0 1 1 0 0 0 1 0 0 1 0 0 0 1 0 1 1 1 0 0 1 0 1 0 0 1 0 1 0 1 0 0 1 1 0 0 1 0 1 1 0 0 1 0 0 0 1 0 1 1 0 1 1 1 1 0 0 1 1 1 1 1 0 1 0 0 
0 1 0 1 1 1 1 1 0 0 1 0 1 1 0 0 0 1 0 1 1 1 0 0 1 1 1 0 1 0 0 1 0 0 0 0 1 1 0 1 1 1 0 0 1 0 1 0 0 1 0 1 1 0 1 0 1 1 0 1 1 1 1 0 1 0 0 0 1 0 0 0 1 1 1 1 1 1 0 1 0 1 1 0 0 1 0 0 1 1 
1 0 1 1 0 1 1 0 0 1 1 0 1 1 1 0 0 1 0 0 1 0 0 0 1 0 1 0 0 1 1 1 0 1 1 0 0 0 0 0 0 1 1 0 0 1 0 1 0 0 0 0 0 1 1 0 0 0 0 1 0 0 0 0 0 1 1 0 0 0 0 0 1 0 0 1 0 1 1 0 0 1 1 0 1 0 0 1 0 1 
1 1 1 1 1 1 0 0 0 0 0 0 0 0 1 1 0 1 0 0 0 1 0 1 1 0 1 0 0 1 1 1 1 0 1 1 1 1 1 0 0 0 1 1 0 1 0 1 1 0 1 0 1 1 1 0 0 0 1 1 0 0 1 1 0 0 0 0 0 0 0 1 1 1 0 1 1 1 1 0 0 0 0 0 0 0 0 1 0 1 
0 1 0 1 1 1 0 0 0 1 1 0 1 0 1 0 1 1 1 0 1 1 1 1 0 1 1 1 1 1 1 1 0 1 0 1 0 1 0 1 0 1 0 1 0 0 0 1 1 0 1 1 0 0 0 0 1 1 1 0 0 1 1 1 0 1 1 1 0 0 0 1 1 1 0 0 1 0 1 1 0 0 0 0 1 1 0 1 0 1 
0 0 1 0 0 0 0 0 1 0 1 1 0 1 0 1 1 0 1 1 0 0 1 0 1 1 1 0 1 1 0 0 0 0 0 0 1 1 1 0 1 0 1 1 0 0 0 0 1 1 1 1 1 0 1 1 1 1 0 1 0 1 1 0 1 0 0 0 0 0 0 0 0 0 0 1 0 1 1 0 0 1 1 0 1 0 1 1 0 1 
0 0 0 0 0 0 1 1 0 1 0 0 1 1 0 0 0 0 0 0 0 1 1 1 0 1 1 1 0 1 1 1 0 0 1 0 0 1 0 0 0 1 1 0 0 1 1 0 0 1 1 1 0 0 0 0 1 0 1 1 1 1 0 0 1 1 0 1 1 0 1 1 0 0 0 1 0 1 0 0 1 1 1 1 0 1 0 0 0 0 
1 1 1 1 1 1 1 1 0 1 0 0 1 1 1 0 1 1 0 0 0 0 1 1 0 0 1 0 1 0 1 0 1 0 0 0 0 1 0 1 0 0 1 1 1 0 1 0 1 0 0 0 0 1 0 1 1 1 1 0 0 0 0 0 0 1 1 1 1 0 1 1 1 0 0 0 1 0 0 1 0 1 1 0 1 0 0 0 1 0 
0 0 1 0 1 0 1 0 0 0 1 0 1 0 0 1 1 0 0 1 1 0 1 1 1 0 0 1 0 0 0 0 0 1 0 0 1 1 1 1 0 0 1 1 1 1 0 0 0 0 0 1 0 1 0 0 0 0 1 0 0 1 0 1 1 1 0 0 1 1 0 1 1 1 1 1 0 0 0 1 1 0 1 0 1 1 0 0 0 1 
0 0 1 1 1 1 1 1 1 0 1 1 0 0 0 0 0 1 1 1 1 1 1 0 1 1 1 1 0 1 1 0 1 0 0 1 0 1 0 1 0 0 1 0 0 1 1 0 0 1 0 1 1 0 0 1 1 0 1 1 0 0 0 1 0 0 1 1 1 0 1 0 1 0 0 1 0 0 1 0 0 0 0 1 0 1 1 0 1 0 
1 0 0 1 1 1 1 1 0 0 0 1 0 0 1 1 0 0 1 1 0 0 1 0 0 0 1 1 0 0 1 1 0 1 1 0 1 0 1 0 0 0 1 0 1 0 1 1 0 0 1 1 0 0 1 1 0 0 0 0 0 0 1 1 0 0 1 1 1 1 0 0 0 0 0 1 1 1 0 0 1 1 1 0 1 1 0 1 0 0 
0 0 1 1 1 1 1 1 1 1 1 1 1 1 0 1 0 1 0 0 1 0 0 0 0 0 1 0 0 1 0 1 1 0 0 1 0 0 0 0 0 1 1 1 1 0 1 0 1 0 0 0 1 0 0 1 0 0 0 0 0 0 1 1 1 1 1 1 1 0 0 1 1 1 0 1 1 1 0 0 0 0 1 1 0 1 0 0 1 1 
0 0 0 0 1 0 0 0 0 0 1 1 0 1 1 1 1 0 1 0 0 1 0 0 1 1 0 1 0 1 0 0 0 1 1 1 0 1 1 0 0 0 0 0 0 1 1 0 1 0 1 0 0 0 1 1 0 0 0 0 0 1 1 1 1 0 0 1 1 0 1 0 1 1 0 0 0 0 0 0 0 1 1 0 1 0 1 1 0 1 
0 0 1 1 1 0 1 0 1 0 1 1 0 0 1 0 1 0 0 0 0 0 0 1 0 0 0 0 0 0 1 1 0 1 0 1 1 1 1 0 1 1 1 0 1 0 1 1 0 0 1 1 1 0 0 0 1 1 0 1 0 0 1 0 0 0 0 1 1 0 1 1 1 1 1 0 1 1 0 1 0 0 1 0 1 0 1 0 0 0 
0 0 1 1 0 1 0 0 1 1 1 1 0 1 0 1 0 0 1 0 0 0 0 0 1 1 0 0 1 0 0 1 1 0 1 0 0 1 0 1 0 1 0 1 1 0 1 0 0 1 1 1 0 0 0 1 0 1 0 1 0 0 1 0 0 0 1 1 1 1 0 1 0 0 0 1 1 0 1 0 0 1 0 0 0 0 0 1 0 1 
1 1 1 0 0 0 1 1 0 0 1 0 0 1 1 0 0 1 0 0 1 0 1 1 1 1 1 0 1 0 1 0 1 1 0 1 1 1 0 0 1 0 1 0 1 1 1 0 1 0 1 1 0 1 1 1 0 1 0 1 0 0 0 0 0 1 0 0 0 1 0 1 1 0 1 0 0 1 0 0 0 1 1 0 1 1 0 1 0 1 
1 0 0 0 1 1 0 1 0 1 0 0 0 1 1 1 1 1 0 1 0 0 1 0 0 1 1 0 0 0 0 0 1 1 0 1 0 1 0 1 1 1 0 1 0 1 0 0 1 1 0 0 0 0 1 0 0 1 1 0 0 0 1 1 0 1 1 1 0 0 1 0 1 1 1 0 1 1 0 1 0 1 0 1 1 1 1 0 1 1 
0 1 1 1 1 1 1 0 1 0 1 0 0 1 1 0 1 1 1 0 1 1 0 0 0 0 0 1 1 1 1 1 1 1 1 1 1 0 1 0 1 1 0 0 1 1 0 0 0 0 1 0 1 1 1 1 0 1 0 1 1 0 1 1 1 1 0 0 1 0 1 0 0 1 1 1 1 1 0 1 1 1 1 1 0 1 0 0 1 1 
0 0 1 1 1 0 1 0 1 1 1 0 1 1 1 0 0 0 0 0 1 0 0 1 1 1 1 0 1 1 1 0 1 0 1 1 0 0 0 1 0 1 0 1 1 0 0 0 0 1 1 1 1 1 1 1 1 0 1 1 0 0 1 0 1 1 0 0 0 1 0 0 1 0 0 1 1 1 1 0 0 1 1 1 1 0 0 1 1 0 
0 0 0 0 1 1 1 1 0 0 0 1 0 1 0 0 1 1 1 1 1 0 1 1 0 1 0 0 1 0 0 1 1 1 1 1 0 1 0 0 0 0 1 0 1 0 1 0 0 1 0 0 0 1 0 1 0 0 0 0 0 1 0 1 1 0 1 0 0 0 1 0 1 0 0 0 0 1 0 1 0 1 0 0 0 1 0 1 1 1 
0 0 0 1 1 0 1 0 1 0 1 1 1 1 0 1 0 0 1 1 1 1 1 0 0 0 0 1 0 1 1 0 0 1 0 0 1 1 0 0 1 1 0 1 0 0 0 0 0 0 1 0 1 1 0 1 1 1 1 1 0 0 0 0 1 1 1 0 1 0 1 1 0 1 1 0 0 0 1 1 1 1 0 1 1 0 0 1 1 1 
0 0 1 1 1 0 0 1 0 0 1 1 1 0 0 0 1 0 1 1 1 0 1 0 0 0 1 0 1 1 1 0 1 0 0 1 1 0 1 0 0 1 1 1 0 0 0 0 0 1 0 0 0 1 0 0 0 0 0 0 0 1 1 0 1 1 0 0 1 1 0 1 0 1 1 0 1 1 1 0 1 1 1 0 0 1 1 0 1 1 
0 1 0 1 1 1 0 1 1 0 0 0 1 0 1 0 1 1 1 0 1 1 1 1 1 0 1 0 0 0 0 1 1 0 1 0 0 0 0 0 1 0 0 1 1 0 1 1 1 0 0 1 1 1 1 1 1 0 1 1 0 1 0 0 0 1 1 1 1 0 1 0 0 0 0 0 1 1 0 1 1 1 0 0 0 1 0 1 0 0 
0 1 1 1 1 0 0 0 0 0 1 1 0 0 1 0 0 1 0 1 0 1 0 1 1 0 0 1 0 0 0 0 1 0 1 0 1 1 0 1 0 0 1 1 1 1 1 1 0 1 1 1 0 1 0 1 1 0 0 0 1 0 1 0 0 1 1 1 1 1 0 1 1 1 0 1 1 1 0 1 0 0 1 1 0 0 1 0 1 0 
0 0 0 1 1 1 0 0 1 1 0 1 0 0 1 1 0 0 1 1 1 0 1 1 1 1 0 0 1 1 1 1 1 1 1 0 1 0 0 1 0 0 0 1 0 0 0 1 1 1 1 0 1 0 1 1 0 0 0 1 1 0 0 1 1 1 0 1 1 1 1 0 1 0 0 0 1 0 0 0 1 1 0 1 0 0 0 0 0 0 
1 0 1 1 1 0 0 0 1 0 0 1 1 1 0 1 0 0 1 1 0 0 1 0 1 1 1 0 1 1 0 0 0 1 1 1 1 1 1 0 0 1 0 1 1 1 1 1 1 0 1 0 1 0 0 1 1 1 0 1 0 0 1 0 0 0 0 1 1 1 1 1 0 1 0 1 0 0 1 0 1 1 0 1 0 0 0 1 1 0 
0 0 1 1 0 1 1 0 0 1 0 1 0 0 1 1 1 1 0 0 1 0 1 1 0 1 0 1 1 1 0 0 1 1 1 1 1 1 1 1 1 0 0 1 0 1 1 1 1 1 0 0 1 0 0 1 1 0 1 0 0 0 0 1 0 0 0 0 1 0 0 0 0 1 1 0 1 1 0 0 0 1 0 0 0 0 1 0 1 1 
0 1 0 0 0 0 0 1 1 1 0 0 1 0 1 0 0 1 0 0 0 1 0 0 1 1 1 1 1 1 0 1 0 0 1 1 1 1 1 1 0 1 0 1 0 0 0 1 1 0 1 0 1 1 0 1 1 0 0 0 0 1 1 1 1 0 1 1 0 0 0 0 1 0 0 0 1 1 0 0 1 0 1 0 0 1 1 1 1 0 
0 1 1 0 1 1 1 0 0 1 0 1 0 0 0 0 1 0 0 0 1 1 0 0 1 0 1 1 1 0 1 1 0 1 1 1 1 0 0 0 1 0 1 0 0 0 1 1 1 0 1 0 0 0 0 1 0 0 0 1 1 0 0 0 0 1 1 1 1 0 0 0 1 1 1 1 1 1 1 0 0 1 0 0 1 1 1 1 1 0 
