10 20 7
295.0 312.0 207.0 185.0 280.0 262.0 302.0 219.0 299.0 276.0 
2.7 2.5 3.5 2.5 3.1 3.8 2.5 4.1 2.5 3.3 3.0 2.7 3.5 2.5 2.1 4.2 2.5 3.8 3.8 3.4 
1 0 0 1 1 1 1 0 0 0 1 1 0 0 0 1 0 1 0 0 
0 0 0 1 1 1 0 0 1 1 0 1 0 1 1 1 0 1 1 1 
1 0 1 1 0 1 1 0 1 1 0 1 0 0 0 1 1 1 1 1 
1 1 0 1 1 0 0 1 0 1 1 0 1 1 0 0 0 1 1 1 
0 1 1 0 0 1 1 0 1 0 1 0 1 0 0 0 0 0 0 1 
0 0 1 1 0 0 1 0 0 0 1 0 1 1 0 0 0 1 0 0 
0 0 0 1 1 1 0 1 0 0 1 0 1 0 1 0 0 0 1 0 
0 1 1 1 0 1 1 0 0 0 0 0 0 0 1 0 1 0 0 1 
1 0 0 1 1 0 1 1 1 1 1 0 0 0 0 0 1 1 1 0 
1 0 0 1 1 1 1 0 1 1 1 1 1 0 0 0 0 0 1 1 
