15 15 7
234.0 291.0 247.0 375.0 182.0 226.0 151.0 261.0 259.0 191.0 279.0 315.0 346.0 175.0 283.0 
3.0 2.3 3.1 4.0 3.7 2.8 2.8 2.8 2.6 3.3 5.4 2.1 4.3 3.7 3.1 
1 0 0 1 0 0 0 1 0 0 0 0 1 1 0 
0 0 1 1 0 0 1 1 1 0 0 0 0 0 1 
0 1 1 1 0 1 0 0 1 0 0 1 0 1 0 
1 0 0 1 0 0 1 1 0 0 0 0 1 0 1 
0 0 0 0 1 1 0 0 0 1 1 1 1 1 1 
0 0 1 0 0 1 1 1 0 1 1 1 1 0 1 
0 1 0 1 1 0 0 1 1 1 1 0 1 0 0 
1 1 1 1 1 1 0 0 1 1 1 0 0 1 0 
0 1 0 1 1 0 1 0 1 0 1 1 0 1 1 
1 0 0 1 0 1 1 0 0 1 0 1 1 1 1 
0 1 0 0 1 1 0 1 1 1 1 0 1 0 0 
1 0 0 0 1 1 0 0 0 1 1 0 0 1 0 
1 1 1 1 0 0 0 1 0 0 1 1 1 0 1 
1 1 0 0 1 0 1 0 1 0 1 0 1 0 1 
0 1 0 0 0 1 0 1 0 0 1 1 1 1 0 
