15 20 8
252.0 227.0 246.0 298.0 238.0 214.0 276.0 266.0 268.0 168.0 164.0 239.0 207.0 271.0 243.0 
4.0 2.3 2.9 2.1 3.3 3.3 3.4 3.1 2.1 3.8 3.1 3.2 2.9 2.2 3.3 1.0 3.6 2.4 1.8 3.6 
0 1 1 1 0 1 0 1 1 1 0 1 0 0 1 0 1 0 0 1 
1 1 1 0 1 0 0 0 1 1 0 1 1 0 1 0 0 0 0 0 
1 1 1 1 1 0 0 1 1 0 0 0 0 1 0 1 1 1 1 1 
1 1 0 1 1 1 0 1 0 1 0 0 1 0 0 1 1 1 1 1 
0 0 1 1 0 1 1 1 0 0 1 0 1 1 1 0 1 1 0 1 
1 1 1 1 0 0 1 0 1 0 0 0 0 0 0 1 0 0 0 1 
0 1 0 1 1 1 1 1 1 1 1 0 0 0 1 0 1 1 0 0 
1 0 0 0 1 1 1 0 1 0 0 0 1 1 0 1 0 1 0 0 
0 0 1 1 1 1 1 0 0 1 1 1 0 1 1 1 1 0 0 1 
1 1 0 1 0 0 1 1 0 0 1 1 1 0 1 1 1 1 0 0 
1 1 1 1 0 1 1 1 1 0 1 0 0 1 1 1 0 1 0 0 
1 0 1 1 1 0 0 1 0 1 1 0 1 0 0 0 1 0 1 0 
1 0 0 0 0 0 0 1 1 0 0 1 1 0 1 0 1 1 1 1 
0 1 1 0 0 0 0 1 1 0 1 1 1 1 0 1 0 1 0 1 
0 1 0 1 0 1 1 0 1 0 1 1 0 0 1 1 0 0 1 0 
