10 90 6
224.0 250.0 173.0 303.0 245.0 261.0 162.0 254.0 279.0 305.0 
2.3 4.0 2.3 3.5 3.4 3.3 3.9 3.2 0.7 3.3 2.9 4.2 3.7 2.5 3.3 3.0 2.0 2.2 2.4 3.0 3.1 3.4 2.1 3.3 3.8 3.4 3.5 2.4 3.0 2.5 1.2 2.4 4.2 2.5 1.7 3.7 3.0 2.9 2.8 2.1 2.1 4.1 2.6 4.9 3.3 2.0 2.8 4.0 2.8 4.0 1.7 2.5 3.5 2.1 3.3 3.6 3.4 1.7 1.7 3.7 3.2 3.5 3.0 4.4 3.1 2.1 3.8 3.1 2.6 3.7 3.8 2.0 2.8 3.5 3.8 2.9 3.2 2.7 4.6 2.7 3.2 2.4 3.1 2.3 3.3 3.8 3.4 2.7 3.2 4.0 
1 0 1 0 1 0 1 1 0 0 1 0 0 1 0 1 0 1 1 1 1 1 0 1 1 0 1 0 0 1 1 0 0 1 1 1 0 1 0 1 1 1 1 0 1 0 1 1 1 0 0 1 1 1 0 0 1 0 0 0 1 0 1 0 1 1 0 1 1 0 0 1 1 1 1 1 1 1 0 1 1 1 1 0 0 1 0 1 0 0 
0 1 0 0 1 0 1 1 1 0 0 0 1 0 0 0 0 1 0 0 1 0 0 0 1 0 1 0 0 0 0 1 1 1 1 0 1 0 0 0 1 1 0 1 0 0 1 1 0 0 1 0 0 1 0 1 1 0 1 1 0 0 1 1 0 1 0 0 1 1 1 1 0 1 0 1 1 0 1 0 0 0 1 1 1 1 0 1 1 1 
0 1 0 0 1 1 1 1 1 0 1 1 0 0 0 0 1 1 1 0 0 0 1 0 0 0 0 1 1 0 1 1 1 1 0 1 1 0 1 0 1 1 0 0 1 0 0 1 1 1 0 0 1 0 1 1 1 1 0 0 0 1 1 1 1 1 1 0 1 0 1 0 1 0 1 0 0 0 0 0 1 1 0 1 1 0 0 1 0 0 
1 0 0 1 0 0 1 0 1 0 0 0 0 1 0 0 1 0 0 1 1 1 0 0 1 1 0 0 0 1 0 0 1 0 1 0 1 0 0 0 1 0 1 0 1 0 1 0 0 1 0 1 1 0 0 0 0 1 1 0 1 1 1 0 0 1 1 0 1 1 0 0 1 0 1 0 1 1 0 0 1 0 1 1 1 1 1 1 1 1 
0 0 1 1 0 0 1 0 0 0 0 0 0 1 0 1 0 1 0 1 0 1 1 1 0 0 0 1 0 1 0 0 0 1 1 0 0 1 0 1 0 0 1 0 1 1 1 1 1 0 0 0 1 1 1 1 1 0 1 0 1 1 1 0 0 0 0 0 0 0 0 1 0 0 1 1 1 1 0 0 0 1 1 1 1 1 0 0 0 1 
0 0 0 0 1 1 0 0 0 1 0 1 1 0 0 0 1 1 0 0 0 0 0 1 0 1 0 1 0 0 0 0 1 0 1 1 1 1 0 1 0 0 0 0 1 1 0 0 1 0 0 0 0 1 1 1 0 1 1 0 0 0 0 0 1 0 1 0 0 0 0 1 1 0 1 1 1 0 1 1 0 0 1 1 0 0 1 0 1 1 
0 0 0 0 0 0 1 0 0 1 0 0 0 0 1 0 1 0 0 0 0 1 0 1 0 0 0 0 0 1 1 1 0 1 1 1 1 0 1 0 1 0 0 1 0 1 1 1 0 1 0 1 0 0 0 1 0 1 0 1 1 0 1 0 0 0 0 1 1 0 0 0 1 0 0 1 0 1 0 1 1 1 0 0 0 0 1 0 0 0 
1 0 0 0 0 1 0 0 0 0 1 1 1 1 1 1 1 1 0 1 0 1 0 1 1 0 0 1 0 0 1 1 0 0 0 0 1 1 0 1 1 1 0 0 0 1 1 0 1 1 1 1 0 1 0 1 1 1 0 0 0 1 1 0 0 1 1 0 0 0 0 0 1 1 0 0 0 1 1 0 0 0 0 1 0 0 1 0 1 0 
0 0 0 1 0 1 1 0 0 1 0 1 0 1 0 0 1 0 0 1 1 1 0 0 1 0 0 0 1 0 1 1 1 0 1 1 1 1 1 1 1 1 1 1 1 0 1 0 1 0 1 1 0 0 0 1 1 1 1 0 0 1 0 1 1 0 0 0 0 1 1 1 0 1 0 0 1 1 1 0 1 0 0 1 0 1 0 0 0 0 
0 1 0 0 0 1 1 0 1 0 0 0 0 0 0 1 0 1 0 0 0 0 0 0 0 1 0 1 0 1 0 1 1 1 1 0 0 1 0 0 0 1 0 0 0 1 0 0 0 1 0 0 1 0 1 0 0 0 1 1 1 0 1 1 0 1 1 1 1 1 1 0 1 1 0 0 1 1 0 0 1 0 0 1 1 1 1 1 1 1 
