10 50 6
203.0 193.0 210.0 246.0 316.0 293.0 254.0 285.0 294.0 218.0 
2.9 2.3 2.8 3.2 2.6 1.8 3.1 3.0 4.1 3.4 3.3 2.6 4.6 3.1 4.4 3.3 2.6 2.7 3.3 4.0 2.8 2.6 3.3 2.7 4.6 3.4 2.8 2.2 3.0 3.3 4.0 3.9 2.1 3.7 3.9 2.7 3.5 1.4 2.6 3.1 2.5 2.2 4.4 1.6 1.8 3.4 3.0 4.4 2.0 3.4 
1 0 0 0 1 1 0 1 1 1 1 1 0 1 0 1 1 1 0 0 1 1 0 1 0 0 1 0 0 0 0 0 0 0 1 0 0 0 1 1 1 0 1 0 1 0 0 0 1 1 
0 1 1 1 1 0 1 1 0 1 0 1 0 1 1 1 1 0 1 1 1 1 0 0 1 0 0 0 0 0 0 1 1 0 1 1 1 1 0 0 0 0 1 0 1 0 1 0 0 1 
1 1 1 0 0 1 1 1 1 0 1 1 1 0 0 1 1 1 0 1 1 0 1 0 1 1 1 0 1 1 0 1 1 1 1 1 0 0 1 1 0 1 0 0 0 1 0 1 0 0 
0 0 0 1 1 0 0 0 1 1 1 0 1 0 0 1 1 0 1 0 0 1 1 1 0 0 1 1 1 0 0 1 1 0 1 1 0 1 0 1 1 0 1 1 1 0 0 0 0 1 
0 0 0 0 1 1 0 1 0 0 0 0 0 0 1 0 1 0 0 0 1 1 0 1 1 1 1 0 1 0 0 1 1 0 0 0 1 1 1 0 0 1 1 1 1 1 0 0 0 1 
1 0 0 0 0 1 1 0 0 0 0 0 1 1 1 1 0 1 1 0 0 0 0 1 1 0 0 0 1 0 0 0 1 0 1 0 0 1 0 1 0 1 0 0 0 0 0 0 0 1 
0 0 1 0 0 1 0 0 1 1 1 0 0 0 1 1 1 1 1 1 0 0 1 1 0 0 1 1 0 0 1 0 0 0 0 0 0 1 0 0 1 0 0 0 1 1 0 0 1 1 
0 1 1 0 0 1 1 0 0 1 0 1 0 0 1 1 0 1 1 1 0 1 0 1 1 0 1 1 0 1 0 0 0 0 0 1 1 1 1 1 0 0 1 1 0 0 1 0 1 1 
1 0 0 0 0 1 0 0 0 1 0 0 0 0 1 1 1 1 0 0 0 0 1 0 1 0 1 0 0 1 1 1 1 0 1 0 0 0 0 0 0 0 1 1 1 1 1 1 0 1 
1 1 0 1 0 0 0 0 0 0 1 0 0 1 1 0 0 0 0 0 0 0 1 1 1 1 1 0 1 0 1 0 0 0 1 1 0 1 1 0 0 1 1 0 1 1 1 1 0 0 
