10 30 7
234.0 264.0 306.0 260.0 263.0 194.0 244.0 229.0 187.0 171.0 
2.0 3.5 4.4 4.0 2.3 3.3 2.4 3.5 4.6 2.8 3.6 4.2 3.9 1.8 5.2 4.8 3.6 2.8 3.2 3.6 2.6 3.0 4.4 4.8 3.4 4.1 4.5 3.8 2.7 4.5 
1 0 0 0 0 1 0 1 0 1 1 1 0 1 1 1 1 0 1 0 0 1 0 0 0 1 0 1 1 1 
1 1 0 0 0 0 1 1 1 0 1 1 0 0 0 1 0 1 0 0 1 1 0 1 1 0 0 1 0 1 
0 0 0 0 0 0 1 1 1 0 1 0 0 1 1 0 1 0 1 1 1 1 0 1 0 0 0 1 0 0 
1 1 0 1 0 0 0 0 1 1 0 0 0 1 0 0 0 0 0 0 0 0 0 0 0 0 1 1 0 1 
1 0 1 0 0 1 0 1 0 0 0 0 0 0 1 1 1 0 1 0 0 0 0 0 1 1 1 1 0 0 
1 0 0 0 0 1 1 0 1 0 1 0 0 1 1 0 0 0 1 0 0 1 0 1 1 0 0 1 0 1 
1 0 1 1 0 1 1 0 1 0 0 0 1 1 0 1 1 0 1 1 0 1 0 1 1 1 1 1 0 1 
0 0 0 1 1 0 1 1 1 1 0 1 0 1 1 1 1 0 1 0 1 1 0 0 1 0 1 1 1 1 
0 0 0 1 1 1 1 1 0 1 0 0 0 0 0 1 0 1 1 1 1 0 0 1 0 1 1 0 1 0 
0 0 0 0 1 0 1 1 1 1 1 1 0 0 1 1 1 0 1 1 0 0 1 0 0 0 1 1 1 0 
