10 30 8
311.0 180.0 205.0 265.0 327.0 253.0 301.0 190.0 189.0 270.0 
4.5 4.1 4.3 5.7 3.5 4.6 4.2 3.3 5.0 3.2 4.0 3.2 3.4 3.7 6.0 4.2 3.4 6.5 3.5 3.2 4.3 3.7 5.0 2.9 4.5 5.1 3.3 3.7 2.9 3.6 
0 1 0 0 0 0 0 0 1 0 1 0 1 1 0 0 0 0 1 1 0 1 0 1 1 1 0 0 0 1 
0 1 0 1 1 0 1 1 0 0 1 1 1 0 0 1 1 0 0 0 0 1 1 0 1 0 0 1 1 0 
0 0 1 0 0 0 1 1 0 0 0 1 1 1 0 1 1 1 1 1 1 0 1 0 0 1 1 0 1 0 
1 0 1 1 0 1 1 0 0 0 1 0 1 0 1 0 0 1 0 0 1 1 1 0 1 1 0 1 0 0 
0 0 0 1 1 1 0 0 0 0 0 0 1 1 1 0 0 1 1 1 0 0 1 1 1 0 1 1 1 0 
1 1 0 1 0 1 1 1 0 0 0 0 1 0 1 0 0 1 0 0 0 1 0 0 0 1 0 0 0 0 
1 1 1 0 1 0 0 1 0 1 1 1 1 1 1 1 0 1 1 1 0 1 0 1 0 1 0 0 1 1 
0 1 0 0 1 0 0 1 0 0 0 1 0 0 0 1 1 1 1 0 0 0 0 0 1 1 0 1 0 0 
1 1 1 1 0 0 0 1 1 0 1 0 0 0 0 1 1 1 1 0 0 1 0 1 1 0 0 1 0 1 
1 1 0 0 0 1 0 0 1 1 0 1 1 1 1 0 1 1 1 0 1 1 0 1 0 1 0 0 0 1 
