10 50 7
313.0 312.0 272.0 173.0 238.0 187.0 348.0 216.0 263.0 294.0 
3.9 2.7 3.2 4.6 2.4 4.0 5.1 1.9 3.9 2.5 4.0 4.2 4.8 2.9 4.3 2.0 2.9 3.6 4.1 2.0 5.9 4.5 5.4 3.4 3.8 4.5 3.9 3.4 3.1 3.3 4.0 4.8 3.3 5.2 3.1 4.2 3.5 4.3 3.1 4.6 5.2 4.5 2.3 3.7 4.0 3.8 5.2 3.6 5.1 4.3 
0 1 0 1 1 0 1 1 0 1 0 1 0 0 1 0 0 0 1 0 0 1 0 1 1 1 1 1 1 0 0 0 0 0 0 0 1 1 1 0 1 1 1 1 1 1 1 0 1 0 
0 1 1 0 0 1 1 0 1 0 0 1 0 1 1 0 0 0 1 0 0 1 1 0 1 1 1 1 1 1 1 0 0 0 0 1 1 1 1 1 1 1 1 1 0 0 1 0 1 0 
0 1 1 1 0 0 0 0 0 0 0 1 0 0 1 1 1 1 0 0 1 0 1 0 1 1 1 0 1 1 1 1 1 0 1 0 0 1 1 0 1 0 1 0 1 0 0 1 0 1 
1 1 1 0 0 0 0 1 0 0 0 1 0 0 1 0 1 1 0 1 1 0 1 1 1 0 1 1 1 0 0 0 1 0 1 1 1 0 1 1 1 1 0 1 0 1 1 1 0 0 
0 0 0 0 0 0 0 0 0 0 0 0 0 1 0 0 1 0 1 0 1 0 0 0 1 0 0 1 1 0 0 1 1 1 0 1 1 1 1 0 1 0 1 1 0 1 1 1 1 0 
1 0 1 0 0 0 1 0 1 0 0 0 0 0 0 1 0 1 0 1 0 0 1 1 0 0 0 0 1 0 0 0 1 0 0 0 1 1 1 1 0 0 1 0 1 1 1 1 1 0 
0 1 0 1 0 0 1 1 0 1 1 0 1 0 0 1 1 0 1 0 1 1 1 1 0 0 0 0 1 0 1 1 0 0 0 1 1 1 0 1 1 1 1 1 1 1 1 1 1 0 
1 1 1 0 1 0 0 0 1 0 1 1 1 1 0 1 1 0 0 1 1 0 1 1 0 0 1 0 0 0 1 1 0 0 1 0 0 0 0 0 1 1 1 1 1 0 0 1 0 1 
0 1 0 0 1 1 1 0 0 1 1 0 0 1 0 1 0 1 0 1 0 0 1 1 0 0 0 1 1 0 0 1 0 1 0 0 1 0 0 1 0 1 0 1 1 0 1 1 0 1 
1 0 1 1 1 1 1 0 1 0 0 0 1 0 1 0 0 0 1 1 0 1 0 1 0 0 0 0 0 0 1 1 0 0 1 0 1 0 0 0 1 1 1 0 0 1 1 0 1 1 
