10 90 7
259.0 235.0 302.0 276.0 211.0 223.0 310.0 268.0 248.0 145.0 
1.8 1.4 2.7 2.9 2.2 4.8 1.8 3.9 2.7 3.1 3.4 3.5 5.8 3.6 3.9 3.2 3.1 4.2 4.0 3.0 3.5 3.9 2.5 3.8 4.0 4.3 4.6 2.6 3.0 3.5 3.6 2.7 3.1 4.9 4.0 2.9 4.0 4.5 3.5 2.3 4.6 2.6 4.2 3.6 2.5 3.2 5.8 4.8 4.2 4.3 3.8 2.5 4.6 3.4 3.0 3.6 2.9 3.1 3.5 3.2 3.4 3.3 3.0 3.5 4.3 4.1 3.2 2.9 3.1 2.9 3.0 4.5 3.8 3.8 4.3 2.8 1.3 4.5 4.0 3.6 3.1 3.8 3.3 2.1 3.6 3.7 3.5 3.2 6.9 5.0 
1 0 0 1 0 0 1 0 0 0 1 0 1 1 1 0 1 0 0 0 0 1 0 0 1 0 0 0 1 0 1 1 0 1 1 0 1 1 1 0 1 1 1 0 1 1 0 0 1 1 1 1 0 0 1 0 1 0 0 0 1 1 1 0 1 0 1 0 0 0 0 0 1 0 0 0 0 1 1 0 0 0 0 0 1 1 1 0 0 1 
1 0 1 0 0 0 0 1 1 1 0 1 1 0 1 0 1 1 0 1 1 1 1 0 1 1 1 0 1 0 1 1 1 0 0 0 0 1 0 0 0 1 0 0 1 1 0 1 0 1 0 0 1 0 1 1 1 1 0 0 1 1 0 1 1 1 1 1 0 0 1 0 1 1 1 1 0 0 0 0 1 1 1 0 1 1 1 1 0 0 
1 1 1 1 0 1 1 1 1 1 0 1 0 1 1 0 1 1 0 0 0 0 0 0 1 0 1 0 1 1 1 0 0 1 1 0 0 1 0 1 1 1 0 1 0 0 1 0 0 1 1 0 0 0 0 0 0 1 1 0 1 1 1 0 1 1 0 0 1 0 1 0 0 1 1 0 0 0 1 0 1 0 0 0 0 1 1 0 1 1 
1 0 1 0 0 1 0 0 1 0 0 1 0 0 0 1 0 1 1 1 0 0 0 0 0 0 1 1 0 0 0 0 0 0 1 0 0 1 0 1 1 1 0 1 0 0 0 0 1 1 0 0 0 1 1 0 0 0 0 0 0 1 0 0 0 0 0 0 1 1 1 0 1 1 1 1 0 0 0 1 0 1 0 0 1 0 1 1 0 0 
1 1 0 0 1 1 0 0 0 1 1 1 1 1 0 1 0 0 1 0 1 1 1 1 0 1 1 0 0 0 1 0 0 0 1 0 1 1 0 1 0 1 1 0 0 1 0 1 0 1 0 0 0 1 0 0 0 1 1 1 1 0 1 0 0 1 0 1 1 1 0 1 1 0 0 1 1 1 0 0 0 1 0 0 0 0 1 0 0 1 
0 1 1 0 1 1 1 0 1 1 0 0 0 0 0 1 1 1 0 0 0 1 0 1 1 1 0 0 1 0 0 0 0 0 0 0 1 1 0 1 1 1 0 0 0 0 1 1 0 0 0 0 0 0 0 1 0 1 1 0 0 0 1 1 0 0 0 0 0 0 1 0 1 0 0 1 1 1 1 1 0 1 0 1 0 0 0 1 0 0 
0 1 0 0 0 0 1 0 1 0 1 1 0 1 1 0 0 0 0 1 0 0 0 0 0 0 0 1 1 1 1 0 0 1 0 0 0 0 0 1 0 1 1 0 1 1 1 1 1 0 0 1 0 0 1 0 0 0 1 0 0 1 1 1 0 0 1 1 1 1 0 1 0 0 0 0 0 1 1 0 0 0 1 0 0 1 0 1 0 0 
1 1 0 1 1 1 0 0 0 0 1 0 0 1 0 1 0 1 0 1 1 1 0 1 1 0 0 1 0 1 1 0 0 0 1 0 0 0 1 1 0 1 1 0 1 1 0 1 1 1 1 1 1 1 0 1 0 1 1 0 0 0 0 1 1 0 0 1 1 0 0 0 1 1 1 1 0 1 0 1 0 1 1 0 1 0 1 0 0 0 
1 1 0 0 0 1 0 0 0 1 1 1 0 0 1 0 1 0 0 1 1 0 1 1 0 0 0 1 1 1 0 1 0 0 1 1 1 0 1 0 0 1 1 1 0 1 1 0 0 1 0 1 0 1 1 0 0 1 1 1 0 0 0 1 1 1 1 0 1 1 0 0 0 1 1 1 1 0 1 0 1 0 1 1 0 1 1 0 0 1 
1 0 0 1 1 1 0 0 0 1 0 1 1 0 0 1 0 1 1 1 1 1 1 1 0 0 1 0 0 1 0 1 1 1 1 1 1 1 0 0 1 1 1 1 1 1 0 1 1 1 0 1 0 0 1 1 0 1 0 0 1 1 1 1 1 0 0 0 0 0 0 1 1 1 1 1 0 1 1 1 0 0 0 1 0 0 1 0 1 0 
