10 90 8
140.0 173.0 192.0 231.0 233.0 193.0 325.0 320.0 222.0 234.0 
3.9 5.5 3.7 2.6 4.9 5.7 3.5 3.4 4.5 3.7 4.2 3.5 3.4 4.0 2.8 3.5 4.6 2.4 4.5 4.4 3.6 3.8 4.5 5.6 3.4 3.4 4.2 3.6 4.0 1.7 3.5 3.7 4.0 3.6 3.7 4.8 5.9 4.3 4.4 5.0 4.9 3.3 3.4 6.2 4.0 3.4 4.9 4.2 5.1 3.3 4.2 3.7 4.6 6.1 3.6 4.1 3.7 3.6 3.0 4.1 2.5 3.7 3.5 3.1 2.0 4.0 3.7 3.3 4.8 6.0 3.4 4.4 3.8 3.7 4.2 4.9 4.9 4.4 3.4 3.0 3.7 4.1 5.4 3.8 4.7 4.3 5.2 3.6 3.8 3.9 
1 0 1 1 0 0 0 1 0 0 0 1 1 1 1 1 1 0 1 1 0 1 0 0 1 0 1 1 0 0 1 0 0 0 0 1 1 1 0 0 1 1 0 0 1 0 0 1 0 1 0 1 1 1 0 0 1 1 1 0 1 0 0 1 0 1 0 1 0 1 0 0 1 0 0 1 1 1 0 1 1 1 1 1 0 1 1 1 1 0 
1 1 1 0 0 1 1 0 0 0 1 1 0 1 0 1 1 0 1 1 1 0 1 1 1 1 1 1 1 1 1 0 1 1 0 0 0 1 0 0 0 1 0 0 1 1 0 1 0 1 1 1 1 0 1 1 1 0 1 0 0 1 0 1 1 1 0 0 0 1 0 1 1 0 1 1 0 0 0 0 1 1 1 1 0 1 1 0 0 0 
1 1 0 0 0 1 0 1 0 1 1 1 0 0 0 0 0 0 0 1 1 1 1 0 0 1 1 1 0 1 1 0 1 1 0 1 1 0 1 1 0 1 0 1 1 0 1 1 1 0 1 0 1 1 1 0 1 1 1 0 0 1 1 0 0 1 0 1 1 1 1 1 1 0 1 1 1 0 0 1 0 1 1 0 1 1 0 1 1 0 
0 0 1 0 1 1 0 0 1 0 1 1 0 1 1 0 1 1 1 0 0 1 1 1 1 1 1 0 1 1 1 0 1 1 0 1 1 0 1 1 0 1 1 1 0 1 0 1 1 0 0 0 1 1 0 0 1 0 0 0 1 0 0 0 0 0 0 0 1 0 0 0 0 1 1 1 0 1 0 1 1 0 0 1 1 0 0 1 0 0 
1 1 0 0 1 0 0 1 1 0 1 1 0 1 0 1 1 1 1 0 0 1 1 1 1 1 1 1 1 0 0 1 0 1 1 1 1 1 0 0 1 0 1 0 0 0 0 1 0 1 0 1 0 0 1 0 0 1 1 0 0 0 1 0 1 1 1 0 0 0 0 1 1 0 0 1 1 1 0 1 0 1 1 1 1 1 0 0 1 1 
1 0 1 1 1 0 1 1 1 1 0 0 1 1 0 0 0 0 0 0 1 0 0 1 0 0 1 1 0 1 1 0 0 1 0 1 0 0 0 0 0 1 0 0 0 1 1 0 0 1 0 0 0 1 0 1 1 0 1 0 1 0 0 0 0 1 1 1 0 0 1 1 1 0 0 1 1 0 1 0 1 1 1 0 1 1 0 1 1 0 
0 0 1 0 0 0 1 1 0 1 1 0 1 1 1 0 0 1 1 1 1 0 0 0 0 1 0 0 0 0 1 1 0 0 1 1 0 1 0 1 0 0 0 1 0 1 0 0 0 0 0 0 1 1 1 1 0 0 0 0 0 0 1 0 0 0 1 0 1 1 0 1 0 1 0 1 1 1 0 0 1 1 1 0 1 1 0 1 0 0 
1 0 0 1 0 0 1 1 0 0 0 0 0 0 1 0 1 0 1 1 0 1 1 1 0 1 1 0 0 1 0 1 1 1 0 0 0 0 1 0 0 0 0 1 0 0 1 0 0 1 0 0 1 0 0 0 1 1 0 0 0 1 1 0 1 0 0 0 0 1 1 1 0 1 1 1 1 1 1 0 1 1 0 1 1 0 0 1 1 0 
1 0 1 0 0 1 0 1 1 1 1 1 0 0 1 1 0 0 1 0 1 0 0 1 1 1 0 0 1 1 0 1 0 0 0 1 1 0 1 1 1 0 1 0 1 0 1 1 1 0 1 1 1 1 0 1 1 1 0 0 1 0 1 0 0 0 1 1 0 1 0 0 0 1 0 0 0 1 1 1 0 0 1 0 0 0 1 1 1 0 
0 1 0 1 1 1 1 0 1 0 1 0 0 1 1 0 0 1 1 0 0 0 0 1 1 0 1 0 0 0 1 1 1 1 0 0 0 1 0 1 0 1 0 1 1 1 1 1 1 1 0 0 1 1 0 1 1 1 0 1 0 1 1 0 0 0 0 0 1 0 1 1 0 0 1 1 1 1 0 1 1 0 0 1 1 1 0 1 0 1 
