10 30 6
226.0 314.0 239.0 285.0 260.0 184.0 323.0 268.0 258.0 196.0 
3.2 3.7 2.4 2.9 3.6 2.2 2.5 4.4 3.0 2.4 2.6 2.5 2.3 2.2 3.1 3.1 3.2 2.9 2.6 4.2 4.5 3.4 2.4 3.4 3.3 3.5 2.8 2.8 5.0 1.6 
1 0 0 0 1 0 1 1 1 0 0 1 1 1 1 0 0 0 0 0 0 1 1 0 0 1 0 1 1 1 
1 1 1 1 1 0 0 0 0 0 1 0 0 1 0 1 0 0 0 1 1 0 0 1 0 0 1 0 1 1 
0 0 1 0 1 0 1 0 1 1 0 0 0 1 1 0 0 1 1 0 1 1 1 1 0 1 0 1 0 0 
0 0 1 0 0 0 1 1 0 0 1 1 0 0 1 0 0 0 0 1 0 0 0 1 0 1 0 0 0 1 
1 1 1 0 1 1 0 0 1 0 0 0 1 1 1 0 1 1 1 0 1 1 0 1 0 0 0 1 1 1 
1 1 0 1 1 0 1 1 0 0 0 1 1 1 1 0 1 1 1 1 1 0 1 1 1 0 1 1 1 1 
0 0 1 1 0 1 1 1 0 1 0 1 0 1 0 1 1 0 0 1 1 1 1 1 0 1 1 0 1 0 
0 0 1 0 1 1 1 1 1 1 0 1 0 0 1 0 0 0 0 1 1 0 0 1 1 0 0 1 1 1 
0 0 0 0 1 0 1 0 1 1 0 0 0 0 0 0 1 1 0 0 0 1 0 1 1 0 1 0 0 1 
0 1 0 0 0 1 1 0 1 1 1 1 1 1 1 1 1 0 0 0 0 1 0 0 1 1 0 0 1 1 
