10 50 8
231.0 257.0 298.0 185.0 252.0 280.0 234.0 213.0 340.0 235.0 
3.2 3.6 2.1 4.5 3.9 3.1 4.6 3.8 3.0 3.1 4.1 4.0 2.9 3.7 3.2 5.2 4.0 3.1 4.4 4.0 3.3 4.2 4.5 3.9 4.2 5.6 3.6 3.3 4.0 3.0 3.6 2.4 3.0 3.6 6.0 2.7 4.3 4.5 4.8 4.5 3.0 4.5 3.7 3.5 3.7 4.6 2.2 3.9 4.0 4.6 
0 0 0 0 0 1 0 0 1 0 1 0 1 0 0 0 0 0 1 0 0 0 1 0 1 1 0 1 1 0 0 1 1 0 0 1 1 1 1 0 0 0 1 1 1 0 0 0 0 0 
0 0 0 1 1 0 1 0 1 1 0 0 0 0 0 0 0 0 0 0 1 0 0 0 0 1 0 0 0 1 0 1 0 1 0 1 1 1 1 0 1 0 0 0 0 0 1 0 0 1 
1 1 0 1 0 1 1 0 0 0 0 0 0 1 0 0 0 0 0 0 0 0 1 0 1 1 0 0 1 0 1 1 0 1 1 0 1 1 0 1 1 1 1 1 1 1 1 1 0 1 
1 1 0 1 1 1 1 1 1 0 1 0 1 1 1 0 1 0 0 1 0 0 0 0 1 0 0 0 0 1 1 1 0 0 1 1 0 1 1 1 1 0 1 1 0 1 1 1 0 1 
0 0 0 0 1 0 0 0 0 0 0 1 0 0 1 1 1 1 0 1 0 1 0 1 0 1 0 0 0 1 0 1 0 1 1 0 0 0 0 0 0 0 0 1 1 1 1 0 0 1 
0 1 1 0 1 0 0 0 1 1 1 0 0 1 0 1 1 0 1 1 0 0 0 0 1 0 1 0 1 0 1 0 0 0 1 1 1 0 1 1 0 1 0 1 1 0 1 0 1 0 
1 1 0 1 1 1 0 1 1 1 1 0 1 0 0 1 0 1 1 1 0 0 1 0 0 0 0 0 0 1 0 0 0 0 1 0 0 1 0 0 1 0 0 0 0 1 1 0 0 0 
1 0 1 1 1 1 0 1 1 1 1 0 1 0 0 1 0 0 0 0 0 1 0 0 0 1 1 0 0 0 0 0 1 0 0 1 1 1 1 0 0 1 1 1 1 0 1 0 1 1 
1 1 1 0 1 0 0 1 0 1 0 0 1 1 0 0 0 1 1 1 1 0 1 0 1 0 1 0 1 1 1 1 0 1 1 0 0 1 0 1 1 0 1 1 1 0 0 0 0 1 
1 1 1 0 0 0 0 1 1 0 1 1 1 0 1 1 1 1 1 0 0 1 0 1 0 0 1 1 1 0 1 1 1 1 1 0 0 0 1 1 1 0 0 0 1 1 1 0 1 0 
