30 30 8
223.0 203.0 269.0 315.0 209.0 145.0 297.0 220.0 214.0 348.0 238.0 275.0 271.0 254.0 221.0 162.0 178.0 193.0 308.0 270.0 191.0 242.0 244.0 284.0 278.0 278.0 290.0 264.0 262.0 256.0 
4.5 2.7 3.9 3.9 3.9 4.4 3.2 3.7 3.7 4.4 3.1 3.7 3.0 3.8 3.9 3.4 4.1 1.5 4.1 3.8 2.6 3.8 3.5 2.8 6.0 2.9 3.4 3.2 4.2 1.8 
0 0 1 1 1 0 0 1 0 1 1 1 1 0 0 0 0 0 1 1 0 0 0 0 1 0 0 0 1 1 
0 0 1 1 0 0 0 1 1 0 1 1 1 0 0 0 0 1 0 1 0 1 0 1 0 1 0 0 1 1 
0 1 0 0 0 1 1 0 1 0 0 1 0 0 0 0 1 1 0 0 1 0 0 0 0 0 1 0 0 1 
0 1 1 0 1 1 1 0 1 0 1 1 1 0 1 1 1 0 1 0 1 0 1 0 1 0 1 1 0 1 
1 0 1 0 0 1 0 0 1 0 0 0 0 1 0 1 1 1 1 0 0 0 1 1 0 1 0 0 1 1 
1 0 1 0 1 1 0 0 1 1 0 1 0 0 1 0 1 0 0 0 0 1 0 0 1 1 1 1 0 0 
1 1 1 0 1 1 0 0 0 0 0 0 1 1 1 1 1 1 0 0 0 0 0 1 1 0 1 0 1 1 
0 1 1 0 1 0 1 0 1 1 0 1 1 1 0 1 0 1 0 0 0 1 0 1 1 1 0 1 1 1 
1 0 0 1 0 1 0 0 0 0 0 1 1 0 0 1 0 1 0 0 0 1 0 0 0 0 0 1 0 1 
1 0 0 1 0 0 1 0 0 1 0 1 1 0 0 0 1 0 0 0 0 1 0 1 0 1 0 0 0 0 
1 0 0 1 0 1 1 1 0 1 0 1 1 1 0 0 1 0 1 1 0 0 1 0 1 1 1 1 1 1 
0 1 1 0 1 1 0 1 1 1 1 1 0 0 0 1 1 1 1 0 1 0 1 0 1 0 0 0 0 1 
1 0 1 0 0 1 0 0 1 0 1 0 1 1 1 0 0 0 0 1 1 0 1 1 1 1 1 0 1 0 
1 0 1 0 0 1 1 1 1 1 1 1 0 0 1 1 0 1 0 0 0 0 0 1 0 0 0 1 1 0 
1 0 0 1 1 0 1 0 1 1 1 0 1 0 0 1 1 0 0 1 0 1 0 0 1 1 1 0 0 0 
1 0 0 1 0 0 1 1 1 1 0 1 1 0 0 0 0 1 1 0 1 0 1 1 1 0 0 1 0 0 
0 1 1 1 0 0 0 1 1 0 0 1 1 1 1 0 0 0 0 1 0 1 0 1 0 1 0 0 1 0 
1 0 0 1 0 1 1 0 1 1 1 0 0 1 0 1 0 1 1 0 0 0 1 1 1 0 0 1 1 0 
1 1 0 0 1 0 1 1 0 0 0 0 1 1 1 1 0 0 0 1 0 0 1 0 1 0 0 0 1 0 
0 1 0 0 1 1 0 1 1 0 1 1 0 0 1 1 1 1 1 1 1 0 1 0 0 1 1 0 0 1 
0 1 1 1 1 0 1 1 1 0 1 1 1 1 1 0 1 0 1 1 1 0 1 1 1 0 0 0 0 1 
1 0 0 1 1 0 1 0 0 0 0 1 0 0 1 0 1 0 1 0 0 0 0 0 0 0 1 0 0 1 
0 0 0 0 0 0 0 1 0 1 0 0 1 0 0 1 1 1 1 1 0 1 0 1 0 1 1 0 0 1 
1 1 0 0 1 0 0 1 0 0 0 0 1 1 0 0 0 0 0 1 1 0 1 0 0 0 1 0 0 0 
0 0 0 0 1 1 1 0 0 0 0 1 1 1 1 1 0 0 1 1 0 1 0 1 1 0 1 1 1 1 
0 0 0 0 1 1 0 1 1 0 1 1 1 0 0 0 1 0 0 1 0 1 1 0 0 0 1 1 0 1 
0 1 0 0 0 1 0 1 0 1 1 0 0 0 0 0 1 0 0 0 0 0 1 0 0 0 0 1 1 0 
0 0 0 0 1 0 0 0 0 0 0 1 0 0 1 0 0 1 0 0 0 1 1 0 0 1 1 1 1 0 
1 1 1 0 1 0 1 1 0 1 1 1 0 0 0 1 0 1 0 1 1 1 0 1 1 1 0 0 0 1 
1 1 0 0 1 0 0 0 1 0 1 0 0 1 1 1 0 0 0 1 1 1 0 1 1 1 1 0 1 1 
