30 30 7
307.0 225.0 240.0 278.0 272.0 229.0 256.0 360.0 275.0 205.0 320.0 242.0 271.0 141.0 260.0 330.0 262.0 221.0 280.0 229.0 286.0 209.0 332.0 246.0 318.0 218.0 328.0 142.0 215.0 239.0 
2.4 2.6 2.9 3.5 3.4 4.6 4.3 4.1 4.4 3.9 3.9 3.2 5.5 2.6 3.5 2.7 3.7 3.1 3.5 2.9 4.1 4.4 3.5 2.5 4.4 2.3 3.7 3.7 3.6 5.3 
0 0 0 1 1 0 0 1 0 1 1 1 1 1 0 0 0 1 0 1 0 1 1 0 1 0 0 0 0 0 
1 1 0 0 0 0 0 1 0 1 1 0 0 0 1 0 1 1 1 1 1 0 1 1 1 0 0 0 1 1 
1 0 1 1 0 1 1 1 0 1 0 0 0 1 0 0 1 0 1 1 1 0 0 1 1 1 0 0 1 0 
1 0 0 1 1 0 1 0 0 0 0 1 0 0 1 0 0 1 0 1 0 1 1 1 1 1 0 0 1 1 
0 1 1 1 1 1 0 1 1 0 0 1 1 1 1 1 1 1 1 0 1 0 1 0 1 0 1 0 0 1 
1 0 1 0 1 1 0 0 1 1 0 1 0 0 0 1 0 0 0 0 0 0 1 0 1 0 0 0 0 0 
1 1 1 0 1 0 1 1 0 0 0 1 1 1 1 1 1 1 0 0 0 0 1 0 1 1 0 1 0 0 
0 1 0 1 0 1 0 0 0 0 0 0 0 1 0 1 0 0 0 1 0 0 1 0 0 1 1 1 0 1 
1 1 1 1 0 0 1 1 1 1 0 1 1 0 1 0 0 0 0 0 0 0 1 0 1 0 0 0 0 1 
1 1 0 0 0 0 1 0 1 0 1 0 1 1 0 1 0 1 1 1 1 1 1 0 1 0 0 1 1 0 
1 0 1 0 0 0 1 0 1 1 1 0 0 0 0 1 1 1 0 0 1 1 0 1 1 1 1 0 1 1 
1 1 0 0 1 1 0 0 0 0 1 1 0 0 1 0 0 1 1 1 1 0 1 0 1 1 0 0 1 1 
1 1 1 0 0 0 0 1 0 0 0 1 0 0 0 0 0 1 0 0 0 1 1 0 1 1 1 1 1 0 
1 1 1 1 1 0 0 0 0 0 1 0 1 0 1 0 0 1 0 1 0 1 1 0 1 0 0 1 0 0 
0 0 0 1 0 0 1 0 0 0 0 1 1 1 1 1 0 1 1 1 0 0 0 1 1 0 0 0 1 0 
1 0 0 1 1 0 0 0 1 1 1 0 0 0 1 1 1 1 0 0 0 1 1 0 1 1 1 0 0 1 
0 0 1 0 1 1 1 1 0 0 1 0 1 0 0 1 1 1 1 0 1 1 1 1 1 0 0 1 0 0 
1 1 0 1 1 1 0 0 1 0 1 1 0 1 0 0 0 1 1 0 0 0 0 0 0 1 1 0 0 0 
0 0 1 1 0 0 1 1 1 1 1 0 0 0 0 0 1 0 1 1 1 1 1 1 0 1 0 1 1 0 
0 1 1 0 1 1 0 0 0 1 0 1 1 1 1 1 1 0 1 1 1 1 0 0 0 1 0 0 1 1 
1 1 1 1 0 1 1 1 1 0 1 0 0 1 0 1 1 0 1 0 1 1 1 1 1 1 0 1 1 0 
1 0 0 0 0 1 1 1 1 1 1 1 0 1 1 0 0 1 1 1 1 0 0 1 0 0 1 1 0 0 
1 1 0 0 0 0 1 1 0 1 0 1 0 1 0 0 0 1 1 1 0 1 1 0 0 0 0 0 0 0 
1 0 1 1 1 0 0 0 1 0 1 1 1 0 1 1 1 1 0 1 1 0 0 0 0 0 0 0 1 1 
1 1 0 1 1 1 1 1 1 1 1 1 1 0 0 1 1 0 0 0 1 0 0 0 1 1 1 1 0 0 
0 1 0 1 1 0 0 1 0 0 0 1 1 1 1 0 0 1 0 1 0 1 0 0 0 0 1 0 1 0 
1 1 1 0 1 0 0 1 0 0 0 1 0 1 0 1 1 0 0 1 0 0 1 0 0 1 0 0 1 0 
1 1 1 0 0 0 1 1 1 0 0 1 1 0 1 1 0 0 0 0 1 0 0 0 1 0 1 1 0 1 
1 1 1 0 1 0 0 0 0 1 0 1 1 0 1 0 0 1 1 0 0 0 0 0 0 0 0 1 0 0 
1 0 1 1 1 0 1 1 1 0 1 0 0 0 0 1 0 1 0 1 0 0 0 1 0 0 0 1 1 1 
