30 50 7
228.0 242.0 303.0 189.0 241.0 223.0 220.0 236.0 225.0 249.0 271.0 204.0 273.0 275.0 328.0 270.0 259.0 198.0 270.0 231.0 127.0 279.0 153.0 255.0 100.0 144.0 301.0 219.0 244.0 325.0 
2.9 3.3 2.0 2.6 1.9 4.4 2.9 2.6 4.0 2.9 2.4 2.9 3.2 4.7 3.6 2.9 3.7 4.1 3.0 2.4 4.2 2.0 4.2 3.8 2.7 3.1 4.4 2.7 3.2 2.9 4.3 6.4 3.5 5.0 4.0 3.7 4.6 2.5 4.0 3.6 3.0 4.0 2.7 3.7 3.8 5.6 3.7 3.0 3.8 3.9 
0 0 0 0 1 1 0 0 0 0 1 1 1 0 0 0 0 0 0 1 0 0 0 1 0 0 1 1 0 0 0 1 1 0 1 1 0 1 0 0 1 1 0 0 1 0 1 0 1 1 
1 0 0 1 1 1 1 1 0 1 0 0 0 0 1 1 1 1 1 1 1 0 1 0 1 1 1 1 1 0 1 1 1 0 0 0 0 1 0 0 0 0 0 0 1 1 1 1 1 0 
1 0 1 0 0 1 0 0 0 0 0 1 1 1 0 0 0 1 0 1 1 0 1 1 0 1 1 1 1 0 1 0 1 0 1 1 1 0 0 1 0 1 0 0 1 0 1 1 0 1 
0 1 1 0 0 0 1 1 0 0 1 1 0 0 1 1 1 1 1 0 1 1 1 0 0 1 1 0 1 1 1 0 0 0 1 0 0 0 0 0 0 1 0 0 1 0 1 0 0 1 
1 0 0 0 1 1 1 0 1 1 0 0 0 1 1 0 0 0 0 0 1 1 0 1 0 1 0 1 0 1 0 0 1 0 1 0 1 1 0 1 1 0 0 0 0 1 1 0 1 0 
1 0 0 1 0 1 0 1 1 1 0 0 1 0 0 1 0 1 1 1 0 0 1 1 0 1 1 0 0 0 1 1 1 0 1 1 1 1 0 1 0 1 1 0 0 1 0 0 1 1 
0 1 1 0 0 0 0 0 0 0 0 0 1 0 0 1 1 0 0 0 1 0 1 1 0 1 1 1 1 1 1 1 0 0 1 1 0 0 0 0 1 0 1 0 1 0 0 0 0 1 
1 0 0 1 0 0 1 1 0 0 1 0 0 0 0 1 1 1 0 1 0 1 1 1 0 0 0 1 1 1 0 1 1 1 1 1 1 1 1 1 1 0 1 0 0 1 1 0 1 1 
1 0 1 0 0 0 1 0 1 1 1 1 0 1 1 1 1 0 0 0 0 1 0 1 1 0 0 1 1 0 0 0 0 0 1 1 0 1 0 0 1 1 1 0 0 1 0 0 0 1 
1 1 1 0 1 0 0 0 0 0 0 1 1 0 1 0 1 1 1 1 0 0 1 0 0 0 0 0 1 0 0 1 0 1 0 0 0 0 1 1 1 1 1 1 1 0 0 1 0 1 
0 0 0 0 1 0 1 1 1 0 1 0 1 1 0 1 0 0 0 1 1 0 0 0 0 1 1 0 1 0 0 0 1 0 0 1 1 0 1 0 1 1 1 1 0 1 1 1 0 0 
1 0 0 1 1 0 0 1 1 0 0 0 1 0 0 0 0 1 0 0 1 1 0 1 1 0 0 1 1 0 1 1 0 1 0 0 0 0 1 1 0 1 1 0 1 1 1 1 1 1 
0 0 0 0 1 1 1 1 0 0 0 1 1 0 0 0 0 0 0 1 0 0 1 1 0 1 0 1 1 1 0 0 0 1 0 0 1 0 1 0 1 0 0 1 0 0 0 0 1 0 
1 1 1 0 1 1 0 0 0 1 1 0 1 1 0 1 1 0 0 1 1 1 1 1 1 1 1 0 1 0 1 1 1 1 0 0 1 1 0 0 1 0 1 1 1 1 0 1 1 1 
1 0 1 1 1 1 1 0 0 0 1 0 1 0 0 0 1 0 1 0 0 1 0 1 0 1 0 0 0 0 1 0 0 1 0 0 1 0 1 0 0 1 0 1 1 0 1 1 1 0 
0 1 0 1 1 0 0 0 1 1 0 1 0 1 0 0 0 0 0 1 0 1 1 1 1 0 0 0 0 0 0 0 1 1 1 1 0 1 1 0 0 1 0 1 1 1 1 0 1 1 
1 0 1 1 1 1 0 1 1 0 0 1 0 0 1 0 0 1 1 0 0 0 1 1 1 1 0 1 0 0 0 1 1 1 0 1 0 1 0 0 1 0 1 0 1 0 1 1 0 0 
1 1 1 1 1 0 1 1 0 1 0 1 0 1 1 1 1 0 0 0 0 1 0 0 0 1 1 1 1 1 1 0 1 0 1 0 0 0 1 0 1 0 1 1 0 0 0 1 1 0 
1 1 0 1 0 1 0 1 0 0 0 1 1 0 0 1 0 1 1 0 0 0 1 1 0 0 0 0 0 0 1 0 0 1 1 0 0 0 1 0 0 0 0 1 1 0 1 0 1 1 
0 0 0 1 0 1 0 0 1 0 1 1 0 1 0 0 0 1 1 0 0 0 0 1 0 0 1 1 1 0 1 1 0 0 1 1 1 0 0 1 1 0 0 0 0 1 0 1 0 1 
0 0 0 1 1 0 1 0 0 1 1 1 1 0 1 0 1 1 1 0 0 0 1 0 1 1 1 1 1 0 1 1 0 0 1 0 0 0 0 1 0 1 0 0 1 0 1 0 0 1 
0 0 1 0 1 1 1 1 1 0 0 0 0 0 1 0 0 1 0 0 1 0 0 0 0 1 0 0 0 0 0 0 0 0 1 1 1 0 0 1 0 0 1 0 0 0 1 1 0 0 
0 0 0 1 0 0 0 0 0 1 0 0 0 0 0 0 1 0 0 1 0 0 0 1 0 0 1 1 1 1 0 1 1 0 0 0 0 1 0 1 1 1 0 0 1 1 1 1 1 0 
1 0 1 1 0 1 0 1 0 0 0 1 0 1 1 1 1 1 0 1 0 1 1 1 0 0 1 1 0 1 0 1 0 0 0 1 0 1 1 0 1 0 1 1 0 0 1 1 0 1 
1 1 1 1 1 1 1 1 0 0 0 0 0 0 0 0 1 0 0 1 0 1 1 1 1 1 1 0 1 1 1 0 0 1 1 0 0 0 1 1 0 0 0 1 0 0 1 0 0 0 
0 0 0 1 1 1 1 0 0 0 0 0 1 0 1 1 0 0 0 0 1 0 0 0 1 1 0 1 1 0 1 0 1 1 0 1 1 1 1 1 0 0 1 1 1 1 0 1 1 1 
0 1 0 1 1 0 1 1 1 0 1 0 0 0 1 1 0 1 0 0 0 0 1 0 0 1 0 1 0 1 0 1 1 0 1 0 0 0 0 1 1 0 1 0 1 1 0 1 0 0 
0 1 0 0 0 0 0 1 1 1 1 1 1 0 0 0 0 1 0 0 1 1 0 0 1 1 0 0 1 1 0 0 0 1 1 0 1 0 1 1 1 0 1 0 1 0 1 0 0 0 
0 0 0 1 0 1 0 0 1 1 1 0 1 1 1 1 0 1 0 0 1 0 0 1 0 0 0 1 1 1 0 0 1 1 1 1 1 0 0 1 1 0 0 0 1 0 0 1 1 0 
1 0 1 0 0 1 0 0 0 1 0 1 1 1 0 1 1 1 0 0 1 1 1 1 1 0 0 0 1 0 1 1 1 1 1 0 1 1 1 0 1 0 0 0 1 0 1 1 0 1 
