30 90 8
164.0 271.0 229.0 169.0 233.0 288.0 230.0 206.0 210.0 252.0 272.0 156.0 186.0 167.0 228.0 208.0 219.0 193.0 302.0 280.0 293.0 221.0 196.0 304.0 262.0 279.0 233.0 243.0 268.0 182.0 
4.6 4.1 4.6 3.2 2.8 2.4 4.4 4.3 5.0 3.7 4.5 4.0 4.1 4.7 3.9 2.9 5.0 2.3 5.9 2.8 2.3 4.9 3.5 4.0 4.2 5.1 4.2 3.5 2.7 4.5 3.9 3.8 3.3 2.9 4.8 3.5 4.6 3.6 3.5 3.3 4.3 4.3 3.0 3.9 3.4 4.7 4.5 3.5 3.0 5.3 4.5 4.4 3.9 4.0 4.1 2.1 4.5 4.5 4.1 3.8 3.6 3.0 4.1 3.7 2.7 4.4 5.2 1.9 4.8 3.4 4.3 4.9 4.2 3.5 2.9 4.6 4.6 3.9 5.3 3.2 3.4 3.4 4.1 3.5 4.6 4.5 4.8 3.9 3.4 3.6 
1 0 0 1 0 1 0 0 1 1 0 1 0 0 1 1 0 0 0 1 0 1 0 1 1 1 0 0 0 0 0 1 0 0 0 1 0 0 0 1 1 1 1 0 1 0 0 1 0 1 0 1 1 0 0 1 1 0 1 1 0 1 1 0 1 0 0 0 1 1 1 0 1 1 0 0 0 0 0 1 1 0 0 1 1 1 1 1 0 0 
1 1 0 0 1 0 1 1 1 0 1 0 0 0 1 0 0 0 0 0 1 1 1 0 0 0 1 1 0 0 0 0 1 1 0 0 1 1 0 1 1 1 0 1 1 1 1 1 1 1 1 0 1 0 0 1 0 0 1 1 1 1 1 0 1 0 1 0 0 0 0 0 1 1 0 0 1 1 0 0 0 1 0 1 0 1 1 0 0 0 
1 1 0 0 0 0 1 0 0 0 1 1 0 1 1 1 1 1 1 0 1 1 0 1 1 0 0 1 1 1 1 1 0 1 0 0 0 1 0 0 1 0 1 0 1 0 0 0 0 1 1 0 1 0 0 0 0 1 0 1 0 0 0 1 0 1 1 1 0 1 1 0 0 1 1 0 1 0 0 1 0 0 0 1 0 1 0 0 0 0 
0 1 0 0 1 1 1 1 1 1 0 1 0 1 1 0 1 1 0 0 0 0 0 0 0 1 1 1 1 1 1 0 0 1 0 0 1 0 0 0 0 0 1 1 1 0 0 0 1 0 1 0 0 0 1 1 0 0 1 0 1 1 0 0 1 1 0 0 0 0 0 0 0 1 1 1 1 0 1 1 1 0 1 0 0 0 0 0 1 0 
1 0 0 0 1 1 0 1 1 0 1 0 0 1 0 1 1 1 0 1 1 0 0 0 0 0 1 0 0 0 1 1 1 0 1 0 1 1 0 0 1 1 1 1 0 1 1 0 1 1 0 0 1 0 0 0 0 1 1 1 1 0 1 1 1 1 1 1 0 1 0 1 0 0 1 0 0 1 1 1 0 1 1 0 1 1 0 0 0 0 
1 0 0 1 0 0 0 1 1 0 0 0 0 1 1 0 0 1 0 0 0 1 1 0 0 0 1 0 0 0 0 0 0 1 0 0 0 1 0 1 1 1 1 1 1 0 1 1 0 0 0 1 1 1 0 1 0 1 0 0 0 1 1 0 0 0 0 1 0 0 1 1 0 1 0 0 1 1 1 1 0 1 0 1 0 0 0 1 1 0 
0 1 0 1 0 1 0 0 1 1 0 0 1 1 0 0 1 1 1 0 1 1 1 0 1 0 0 1 0 0 0 1 0 0 0 0 0 1 1 1 0 0 0 0 1 1 0 1 1 0 1 0 1 0 0 0 0 0 0 0 0 0 0 0 1 0 0 1 0 1 1 1 1 0 0 0 1 1 0 1 0 0 1 0 0 0 1 1 1 0 
1 0 0 1 1 0 1 0 1 0 0 0 1 0 0 0 0 1 0 1 0 0 1 0 1 0 1 0 1 1 1 0 1 1 1 1 0 1 0 1 1 1 0 0 0 0 1 0 0 0 1 1 1 0 1 1 1 0 1 0 1 0 0 0 1 1 1 1 1 0 1 0 0 0 0 0 0 0 1 0 0 1 0 0 0 1 0 1 0 0 
1 1 0 0 1 1 1 0 1 0 1 1 0 1 1 1 0 1 0 0 1 1 1 1 1 0 1 1 1 1 1 1 0 0 1 0 0 1 0 0 0 0 1 1 0 1 0 0 0 1 1 1 1 0 0 0 0 1 1 0 0 1 0 1 1 1 0 0 1 1 1 0 0 0 1 0 0 1 0 0 0 0 0 1 0 1 1 0 1 1 
0 1 1 1 0 0 1 1 1 1 0 1 0 0 0 1 1 1 0 0 1 1 1 0 1 0 1 1 0 1 0 0 0 1 0 1 1 0 0 0 1 0 1 1 0 0 1 0 1 0 0 0 1 0 0 1 0 1 0 1 0 0 1 1 1 1 0 1 1 0 1 0 0 1 1 0 0 0 1 1 1 1 1 0 0 0 1 0 0 1 
0 0 1 0 0 1 0 1 0 0 1 1 0 0 0 1 1 1 1 1 1 0 0 0 1 0 1 0 1 0 0 1 1 0 0 1 1 1 1 0 0 0 0 0 1 1 0 0 1 0 0 0 0 1 1 1 0 0 0 1 1 1 1 0 1 0 1 0 1 1 1 0 0 1 0 1 1 1 0 0 1 0 0 0 0 0 1 1 0 0 
1 1 1 1 1 0 0 0 1 0 0 1 0 0 0 0 0 0 1 0 0 1 1 1 0 0 0 1 1 0 1 1 1 0 0 1 1 1 1 1 1 0 1 0 1 1 1 0 0 0 1 0 0 1 1 1 1 0 1 1 0 1 0 0 0 1 0 1 1 0 0 1 1 1 1 1 1 1 0 1 0 0 1 0 0 1 0 0 0 0 
1 0 0 0 1 1 0 0 0 1 0 0 0 1 0 0 1 1 0 1 0 0 1 1 0 1 0 1 1 0 0 1 0 1 1 0 1 1 1 0 0 1 1 0 0 1 0 0 1 0 1 0 0 0 0 1 0 1 0 0 1 1 1 0 1 0 1 1 1 0 0 0 1 1 0 1 0 0 1 0 0 1 1 0 0 1 0 1 1 1 
0 0 1 0 0 1 0 1 1 1 1 1 0 0 0 0 0 1 0 0 0 1 0 0 0 0 0 1 1 1 1 1 1 0 1 0 1 1 0 0 0 1 1 1 0 1 1 1 1 0 1 1 1 1 1 0 1 0 0 1 1 0 1 0 1 1 1 0 1 0 0 1 0 1 1 0 1 0 0 0 1 1 0 1 0 1 0 1 1 0 
0 0 1 1 0 0 1 1 0 0 0 1 0 0 1 0 0 0 0 1 0 0 0 1 0 0 0 0 1 0 0 1 0 0 1 0 1 0 1 0 1 1 1 0 1 1 1 0 1 0 1 0 1 0 1 0 1 0 0 0 1 1 0 1 1 1 0 1 0 1 0 0 1 1 0 0 1 1 1 0 0 0 1 0 1 0 0 1 1 1 
0 1 1 1 1 0 0 1 1 0 1 1 0 0 1 0 0 1 1 0 0 0 0 1 0 0 0 1 0 0 0 0 0 1 1 1 0 0 1 1 1 1 0 1 1 1 1 0 0 1 0 1 0 0 0 0 0 0 0 0 1 1 1 1 1 0 1 1 0 0 1 0 0 1 1 0 0 1 0 0 1 1 1 0 1 1 1 1 1 0 
1 0 1 0 1 0 0 1 0 0 0 1 1 1 1 1 1 0 0 0 0 0 1 1 1 0 0 1 1 1 0 1 0 0 0 0 0 1 0 0 0 1 0 1 0 0 0 1 0 0 0 0 0 1 1 1 1 1 1 1 0 1 1 1 0 0 1 1 0 0 0 1 0 1 1 1 0 0 0 1 1 0 1 0 1 0 0 1 0 0 
1 1 1 0 1 0 1 0 1 0 1 1 1 0 0 1 1 1 0 1 0 0 0 0 0 1 0 0 1 0 0 0 1 1 0 1 0 0 0 1 0 0 1 0 0 0 1 0 0 0 0 1 0 1 0 0 0 1 1 0 1 1 1 0 1 1 1 1 1 0 0 1 1 0 0 0 0 1 1 1 1 0 0 0 0 0 0 0 0 1 
1 0 1 1 0 1 0 1 1 1 1 0 0 0 0 0 1 1 0 0 1 0 0 0 1 0 0 0 1 0 0 0 0 1 0 0 1 0 0 1 1 1 1 1 1 1 1 0 1 1 1 1 1 1 0 0 1 0 1 1 1 1 0 1 1 0 1 1 0 0 1 0 0 1 1 1 1 1 1 1 1 0 0 1 0 1 1 1 1 1 
1 1 1 1 0 0 0 0 0 1 0 1 1 1 0 1 0 0 0 0 0 0 1 0 1 1 1 0 1 0 1 1 1 0 0 1 0 1 0 0 1 1 1 1 1 0 1 1 0 1 0 1 1 1 1 1 1 0 0 0 1 1 0 0 0 0 0 0 1 1 0 0 1 1 1 1 0 0 0 0 1 0 0 0 1 0 0 1 1 0 
0 1 0 0 0 0 0 1 0 1 0 0 1 0 1 1 1 0 0 0 0 1 0 1 1 0 1 1 1 0 1 1 1 0 0 0 0 0 1 1 1 1 0 0 0 1 0 0 0 0 0 1 0 0 0 1 0 0 1 1 0 1 0 1 1 1 1 1 0 1 1 1 1 0 1 1 0 0 1 0 1 1 0 0 0 0 0 1 0 0 
1 0 1 0 1 0 0 0 1 0 0 1 0 0 1 0 1 0 1 1 0 1 1 0 0 1 1 1 0 1 0 0 1 0 1 1 1 0 0 1 1 0 1 1 0 0 1 0 0 0 0 1 0 0 0 0 0 0 1 0 0 0 0 0 1 0 1 0 0 1 1 1 0 0 1 0 0 1 1 1 0 0 0 1 0 1 1 0 1 1 
1 0 0 0 0 0 0 1 0 1 1 0 1 1 1 1 1 0 0 1 0 1 1 1 0 1 1 1 0 0 1 0 1 1 1 0 0 0 1 1 0 1 0 1 1 0 1 0 1 1 1 1 1 0 0 0 1 1 1 1 0 0 0 1 0 1 0 0 0 1 0 0 0 0 1 1 0 0 1 0 0 1 1 1 0 1 0 0 0 0 
1 0 1 0 0 0 1 1 0 1 0 0 1 1 0 0 1 1 1 0 1 1 0 1 1 1 1 1 1 1 0 0 0 1 1 0 0 1 1 0 0 1 0 0 1 0 1 1 0 1 0 1 0 0 1 0 1 1 0 1 1 1 0 0 0 0 1 0 0 1 0 0 1 1 1 1 0 1 1 0 0 0 1 0 1 0 1 0 1 1 
0 1 0 1 0 0 0 1 1 1 1 1 1 0 0 1 1 1 0 1 0 1 0 0 0 0 1 0 0 0 1 0 1 1 0 0 0 0 1 0 1 1 0 0 0 0 1 1 1 1 0 1 1 0 0 1 0 1 1 0 1 0 1 1 0 0 0 0 1 1 1 0 0 1 1 0 0 1 0 1 0 0 1 1 1 1 0 1 1 0 
1 1 1 0 1 0 1 0 0 1 0 0 0 1 0 1 0 1 0 0 0 1 0 1 1 0 0 0 1 0 0 1 1 0 0 0 0 1 1 1 1 1 1 1 0 1 1 1 1 0 0 0 1 1 0 1 0 0 1 1 0 1 1 0 1 0 0 1 0 1 0 0 1 1 0 0 0 0 0 1 0 1 0 1 0 0 0 0 0 0 
0 0 0 1 0 1 1 1 0 1 1 0 1 1 1 0 0 1 0 0 0 1 1 0 0 1 0 1 0 1 0 1 0 0 1 1 1 0 1 0 0 1 1 1 1 1 1 0 0 0 1 1 1 1 0 0 1 1 1 1 1 1 0 1 1 1 1 0 1 0 0 1 0 1 1 1 0 0 0 1 1 0 0 1 0 1 0 0 0 1 
0 1 1 0 1 1 1 0 1 0 1 1 1 0 0 1 0 0 0 0 1 0 0 0 0 0 1 1 1 1 1 0 0 1 1 1 0 1 0 0 1 1 0 1 1 0 0 1 1 1 1 1 1 0 1 1 1 0 0 0 0 0 1 0 1 1 0 0 1 0 0 0 0 0 1 1 1 0 0 0 0 0 1 1 0 1 0 1 1 0 
1 0 1 0 1 0 1 1 0 0 0 1 0 0 1 0 1 1 0 1 1 1 1 0 0 0 1 0 1 1 1 1 0 0 0 1 0 1 0 1 0 0 0 0 0 1 0 0 1 1 0 0 0 1 0 1 0 0 0 1 0 1 0 0 1 1 0 1 1 0 1 0 1 0 1 1 1 0 0 1 1 0 0 0 0 1 0 1 0 1 
1 1 1 0 1 1 1 0 0 0 1 1 1 0 0 0 0 0 1 1 1 0 1 1 1 0 0 1 0 0 1 0 1 0 0 0 1 0 0 0 0 1 1 1 1 1 0 0 0 0 0 1 0 1 1 1 0 1 0 0 0 1 1 0 0 1 1 0 0 1 0 1 1 0 1 1 0 0 0 1 1 0 0 0 1 1 1 0 1 1 
