30 30 6
199.0 303.0 144.0 245.0 476.0 299.0 321.0 198.0 220.0 370.0 211.0 283.0 288.0 193.0 278.0 233.0 180.0 291.0 276.0 246.0 174.0 220.0 241.0 320.0 212.0 382.0 195.0 201.0 256.0 279.0 
3.1 2.8 3.6 3.7 2.8 3.0 4.0 3.8 1.9 3.8 2.4 2.5 3.1 3.4 2.7 3.3 3.5 3.3 3.2 3.7 3.6 2.7 3.1 2.7 3.1 1.3 2.3 4.1 1.7 3.7 
0 0 1 0 0 0 1 0 1 1 1 1 1 1 1 0 1 0 0 0 1 1 0 0 1 1 0 0 0 1 
0 0 0 0 0 0 0 0 1 0 1 0 0 1 0 0 1 1 0 0 0 0 1 0 1 0 1 1 0 1 
1 0 1 0 1 1 1 0 1 1 1 1 0 1 0 1 1 0 0 1 0 1 0 1 1 1 0 1 0 0 
0 0 1 0 1 1 1 1 1 0 0 0 1 1 0 0 1 1 1 0 0 0 1 1 1 1 1 1 0 1 
0 0 1 1 0 0 1 1 0 1 0 0 0 1 1 0 1 1 0 1 0 0 1 1 1 0 1 0 1 1 
0 1 0 1 0 1 0 1 1 1 0 0 0 1 0 0 1 0 0 0 1 1 0 0 1 1 1 0 1 0 
1 0 1 0 0 0 1 0 0 1 0 0 0 1 1 1 0 1 1 1 0 1 0 0 0 1 1 0 1 0 
1 1 0 0 0 1 0 0 1 1 0 0 0 1 1 1 1 1 1 1 0 1 0 0 1 1 1 0 0 1 
0 0 1 1 1 1 0 1 1 1 0 1 1 1 0 1 1 0 1 0 0 1 1 1 0 1 1 1 0 1 
1 0 1 1 1 0 0 1 1 0 1 0 1 1 0 0 0 0 1 1 0 0 0 0 0 0 0 0 1 1 
1 0 0 0 0 0 1 0 0 1 1 0 0 1 1 1 0 1 0 1 1 1 1 0 1 1 0 1 1 0 
1 0 0 0 0 0 0 0 0 1 1 1 0 0 1 1 0 0 0 0 1 0 1 0 0 0 1 1 1 0 
0 1 0 1 1 1 1 0 1 1 1 1 1 1 1 0 0 1 0 0 0 0 0 1 0 0 1 0 0 0 
0 0 1 0 1 0 0 0 1 1 1 0 0 1 0 1 0 0 0 0 1 0 1 0 1 0 0 0 1 0 
1 0 0 1 0 1 1 0 0 0 1 1 0 1 0 0 1 1 0 0 1 0 0 1 1 1 0 0 1 1 
1 0 1 0 0 0 1 1 0 0 0 1 0 1 0 0 0 1 1 0 0 0 0 0 0 1 0 1 0 1 
0 0 1 0 0 0 1 1 1 0 0 1 1 0 1 1 1 1 0 1 0 1 0 0 1 0 0 0 1 1 
1 0 1 1 0 1 0 1 0 1 1 1 0 1 1 0 0 0 0 1 1 1 1 1 1 0 1 1 1 0 
0 0 0 0 0 1 0 0 1 0 0 1 1 0 1 0 1 1 1 1 1 0 1 1 1 0 1 0 1 1 
1 0 0 1 0 1 1 1 0 0 0 1 0 0 0 1 0 1 0 0 0 1 1 0 1 0 1 1 0 1 
0 1 1 1 1 1 1 0 0 1 1 1 0 0 0 0 1 0 1 0 1 1 1 0 0 1 1 1 1 0 
1 0 0 0 0 1 0 0 1 1 0 1 1 1 1 1 0 1 0 1 1 1 1 1 0 0 0 0 0 1 
1 0 1 1 1 0 0 1 1 1 0 1 0 1 1 0 0 1 0 1 0 1 0 0 0 0 1 1 0 1 
0 0 1 0 0 0 0 0 1 0 1 1 0 0 1 1 0 1 1 0 1 0 1 0 0 1 0 0 1 1 
1 0 0 1 0 0 0 0 0 1 0 1 1 1 0 0 1 1 1 1 0 1 0 0 0 1 1 1 0 1 
1 0 1 1 0 1 1 1 0 0 0 1 1 0 1 1 0 0 1 1 0 0 1 1 1 1 0 1 0 0 
1 0 0 1 0 0 0 1 0 0 0 1 0 0 0 0 1 1 1 1 0 0 1 1 1 1 0 0 1 1 
0 1 1 1 0 1 1 1 1 0 0 1 0 1 1 1 1 1 1 1 1 0 0 1 1 0 0 1 0 1 
0 1 0 0 1 0 0 0 0 1 0 0 0 0 0 1 0 0 0 0 1 1 1 1 1 0 1 0 0 0 
0 1 1 0 1 0 0 0 1 1 1 1 1 1 0 0 1 0 1 0 1 0 1 1 1 1 0 0 0 1 
