30 50 8
251.0 245.0 283.0 194.0 197.0 207.0 217.0 258.0 209.0 246.0 212.0 266.0 244.0 355.0 249.0 144.0 262.0 240.0 217.0 345.0 301.0 275.0 254.0 203.0 290.0 295.0 185.0 216.0 177.0 216.0 
3.5 4.7 4.9 4.7 3.3 4.1 2.7 4.4 4.6 2.6 3.5 5.4 3.3 4.0 3.5 3.9 3.2 5.1 4.1 4.4 5.5 3.0 3.7 3.3 4.8 5.2 4.7 3.6 4.7 5.3 3.0 3.6 4.9 6.0 3.2 4.4 3.8 3.6 5.8 2.4 4.7 3.0 4.9 4.1 5.1 6.2 4.4 3.7 4.1 3.7 
1 1 0 0 0 1 1 1 1 0 0 0 0 1 0 0 0 1 0 1 1 1 1 0 0 1 0 1 0 1 0 0 0 0 0 1 0 1 0 0 0 0 1 0 0 0 0 1 1 0 
0 1 0 0 0 0 1 1 0 0 0 0 1 1 1 0 1 0 0 0 0 1 0 1 1 0 1 1 0 0 0 1 1 1 1 0 0 1 1 0 0 1 0 1 1 0 1 1 1 0 
0 0 0 0 1 0 0 0 1 0 0 0 0 1 1 1 1 0 0 0 0 1 1 1 1 1 0 0 0 1 1 1 1 1 1 0 1 0 1 1 1 1 1 0 0 0 1 1 1 0 
1 1 1 0 1 0 1 0 0 0 1 0 0 0 1 0 0 0 0 1 0 1 0 0 0 1 1 0 1 1 0 0 1 1 1 0 0 0 0 0 1 0 1 0 0 1 0 0 1 0 
0 1 0 1 1 0 1 1 1 0 0 0 0 1 0 0 1 1 0 0 0 0 0 0 1 1 1 1 0 0 1 1 1 1 1 1 0 1 0 1 0 0 1 0 1 0 1 0 1 0 
1 1 1 1 0 0 1 1 1 0 0 0 0 0 0 0 1 1 0 0 0 0 1 0 0 1 0 1 1 1 0 0 1 0 0 1 1 1 0 0 1 0 0 1 0 0 1 1 1 1 
0 1 0 1 1 1 0 1 0 0 0 0 1 0 1 0 1 0 0 1 0 0 1 0 1 0 1 1 1 0 1 0 0 0 1 0 0 0 0 0 0 0 0 0 1 1 0 0 0 1 
1 1 1 1 0 1 1 1 0 1 0 0 0 1 1 0 1 0 0 1 0 0 0 1 0 1 1 1 1 0 0 1 0 0 1 0 0 0 0 0 1 1 0 0 0 0 0 0 0 1 
0 1 0 0 0 1 0 0 0 1 1 1 1 0 1 0 0 1 1 0 1 0 1 1 1 0 0 0 0 1 1 1 1 0 0 0 1 0 1 0 1 1 0 1 0 0 0 0 0 1 
0 1 0 0 0 1 0 0 1 1 1 0 0 1 0 1 0 1 0 0 0 1 0 0 1 1 0 1 0 1 1 1 1 0 1 0 1 0 0 0 0 0 1 0 1 1 1 1 1 1 
0 0 1 1 1 1 1 0 0 0 0 0 1 0 0 0 1 0 1 1 1 1 1 0 1 0 1 1 0 1 0 0 1 0 1 0 1 0 0 0 1 0 1 0 1 0 1 0 0 1 
1 0 1 1 0 0 1 0 1 0 1 0 0 1 1 0 1 0 1 0 0 0 1 0 1 0 0 1 1 0 1 0 1 1 1 1 0 1 1 0 0 1 0 0 1 0 0 0 0 0 
0 0 0 0 1 1 0 1 0 1 0 0 0 1 0 0 0 1 1 0 1 0 0 0 0 0 0 1 0 1 0 1 1 0 0 1 1 0 0 0 0 1 1 0 1 0 1 1 0 0 
1 1 1 1 1 0 1 1 1 1 0 1 0 1 1 1 0 1 0 0 0 0 0 0 1 1 0 0 0 0 0 0 1 1 1 1 0 1 1 1 0 0 1 0 1 1 0 1 1 0 
1 1 0 0 0 0 0 1 0 0 0 0 0 1 0 0 0 1 0 0 0 1 0 1 1 0 1 0 0 0 0 1 0 0 0 0 1 1 0 0 1 0 1 0 0 0 0 1 0 1 
1 0 0 0 1 0 1 1 1 1 1 1 1 0 1 0 0 1 0 0 1 0 1 1 0 0 0 0 0 1 0 1 0 0 0 0 0 0 1 1 0 1 1 0 0 0 0 1 1 0 
0 1 1 1 1 1 1 1 0 1 1 1 0 0 0 1 1 0 0 1 0 1 1 0 1 0 0 0 0 1 0 0 0 0 1 1 0 1 0 1 1 1 0 1 1 0 1 0 1 1 
0 0 1 1 0 0 0 1 0 1 0 0 1 0 0 0 1 1 1 1 0 0 1 0 0 1 1 0 0 1 0 1 1 0 0 0 1 1 0 0 1 1 1 1 0 0 0 1 0 1 
0 1 1 1 0 1 1 0 0 0 0 1 0 0 0 1 0 0 1 0 0 1 1 0 0 1 1 1 1 1 0 0 0 1 0 0 0 0 0 0 1 1 0 0 0 1 0 0 0 0 
0 1 1 1 1 1 1 1 1 1 0 0 1 0 0 0 1 1 1 0 1 0 0 0 1 0 0 0 1 1 1 1 0 0 1 0 1 0 0 0 0 1 1 0 1 0 1 1 0 0 
1 0 0 0 1 1 0 1 1 0 1 0 0 1 0 0 0 0 0 1 1 1 0 1 1 0 1 0 1 0 0 1 0 1 1 0 0 0 1 1 0 0 0 0 1 1 0 0 0 0 
0 0 0 0 0 1 1 1 1 0 1 1 1 1 1 1 1 1 1 1 1 1 1 0 0 1 0 1 1 1 0 1 0 0 1 0 1 0 1 1 0 1 0 1 0 0 1 0 1 0 
1 1 0 1 0 1 0 0 0 1 1 0 0 0 1 0 1 0 0 0 0 0 0 1 1 0 0 0 0 0 0 0 1 0 0 1 1 0 1 0 0 1 1 1 1 1 1 0 1 1 
1 1 1 1 0 0 1 1 1 0 1 0 1 1 1 0 1 1 0 1 1 0 0 1 1 1 1 1 1 1 0 0 0 1 0 0 0 1 0 0 1 1 1 0 1 1 0 1 0 0 
0 1 1 1 0 1 0 0 0 1 1 1 1 1 1 1 1 0 1 0 1 1 0 0 1 1 1 0 1 0 0 0 1 1 0 0 0 0 0 0 1 0 0 0 0 0 1 1 0 0 
1 0 0 1 0 1 0 0 1 0 0 0 1 1 1 0 0 1 1 0 0 0 0 1 0 1 1 0 0 0 1 1 1 1 0 0 0 0 0 0 1 1 1 1 1 0 0 0 0 0 
0 1 0 0 1 1 0 0 0 1 0 0 1 0 1 0 0 0 1 1 1 0 0 1 0 1 0 0 0 0 0 1 1 0 0 0 1 0 0 1 1 0 0 0 0 1 0 1 1 0 
0 0 1 0 1 1 0 1 0 1 0 1 0 0 0 0 0 0 1 1 1 0 0 1 0 0 1 0 1 0 0 0 0 0 0 0 0 0 1 1 1 0 1 1 0 1 1 1 0 1 
1 0 0 0 1 1 0 0 1 0 0 1 0 0 0 0 0 0 0 1 1 1 0 0 1 0 0 0 1 1 0 0 1 1 0 0 0 1 0 1 1 0 0 0 1 0 0 0 0 1 
0 0 0 1 0 0 1 1 0 0 1 0 1 1 1 1 1 1 1 1 0 0 0 0 1 0 0 1 0 0 0 0 0 0 1 0 1 0 0 1 1 1 0 0 0 1 1 1 0 0 
