30 90 7
226.0 196.0 364.0 278.0 178.0 229.0 253.0 384.0 217.0 244.0 223.0 208.0 235.0 255.0 203.0 188.0 227.0 198.0 293.0 251.0 239.0 233.0 219.0 247.0 224.0 350.0 380.0 282.0 223.0 253.0 
4.4 2.0 4.0 4.4 2.9 3.1 2.9 2.9 3.4 3.4 3.1 4.1 3.3 3.2 2.3 3.0 4.3 3.9 1.9 2.3 3.3 2.0 6.0 3.3 2.2 4.4 3.6 2.6 3.2 3.9 2.9 3.4 2.5 3.9 4.6 3.7 3.3 3.8 4.8 3.7 3.0 4.8 3.4 3.1 3.6 3.8 3.8 3.7 2.2 2.9 4.0 4.3 4.8 3.5 3.5 3.2 2.4 3.1 4.5 3.5 2.7 4.6 2.7 5.0 4.4 4.1 4.8 2.4 2.6 2.9 3.1 3.0 3.9 4.1 3.7 3.2 5.9 4.7 4.4 4.1 2.5 2.5 3.0 3.4 2.8 4.8 3.6 3.9 3.6 2.9 
1 1 1 1 0 0 1 1 1 1 0 0 0 1 0 1 1 0 0 1 0 0 1 0 0 1 1 0 1 0 1 1 1 1 1 1 0 0 0 0 1 1 1 0 1 1 1 0 0 1 1 1 0 1 1 0 1 0 0 0 1 0 1 0 0 1 0 1 0 1 0 0 1 1 1 1 1 0 1 0 1 1 1 0 1 1 1 0 1 0 
0 1 0 1 1 1 1 1 1 1 1 0 0 1 0 0 1 0 0 0 0 1 1 0 1 1 0 0 1 0 1 0 1 0 0 0 0 1 0 0 0 0 0 0 0 0 0 0 0 0 0 1 1 0 0 1 0 0 0 0 0 0 1 0 1 1 1 0 1 1 1 1 0 1 0 1 1 0 0 0 1 0 1 0 0 0 1 1 0 0 
0 1 1 0 0 1 1 0 1 0 0 0 1 1 0 1 0 1 1 1 1 1 1 0 0 0 0 0 0 0 0 0 1 1 0 0 1 0 1 1 1 0 1 0 1 1 1 1 1 0 1 0 0 0 0 0 0 1 1 0 0 0 0 0 1 0 1 0 1 0 1 0 1 0 0 1 1 0 1 0 0 0 1 1 1 0 1 0 0 0 
1 0 1 1 1 1 1 1 1 1 1 0 1 0 1 0 1 0 1 1 0 1 1 1 0 1 1 1 1 0 1 1 1 0 1 0 1 1 1 1 0 1 0 1 0 1 1 0 1 1 0 0 1 0 0 1 1 0 0 1 1 0 0 0 0 0 0 1 1 1 1 1 1 0 0 0 1 0 1 0 1 1 1 1 1 0 1 1 1 1 
0 1 0 0 1 0 0 1 1 0 0 0 1 0 0 0 0 0 1 0 0 1 0 0 1 1 1 1 1 0 0 0 1 0 1 0 0 1 1 0 1 1 0 0 1 1 1 1 0 1 0 0 0 1 0 1 1 1 0 0 0 1 1 0 1 0 1 1 0 1 0 1 0 0 1 0 0 0 1 1 1 1 0 0 1 0 0 1 0 0 
1 1 0 0 1 0 0 1 0 0 1 0 1 1 1 0 0 1 1 0 0 1 0 1 1 1 0 1 1 0 0 1 1 0 1 0 1 1 0 0 0 0 1 0 1 0 0 0 0 0 0 0 0 1 1 0 1 1 0 0 1 1 0 1 1 1 1 0 1 1 0 0 0 1 0 1 1 1 0 0 0 0 0 1 0 0 0 1 1 0 
1 0 1 1 1 0 0 1 0 0 0 0 0 1 1 1 1 1 1 0 0 0 1 0 0 0 0 1 1 0 0 0 1 1 1 0 0 0 0 0 1 1 0 1 1 0 0 0 0 0 1 1 1 1 0 0 0 0 0 0 0 1 0 0 0 1 1 0 0 1 1 0 1 0 1 0 0 0 1 1 0 1 1 0 0 1 1 0 0 0 
1 1 1 0 1 1 1 1 1 0 0 0 1 0 0 0 0 0 1 1 0 1 1 1 0 0 1 1 0 0 1 1 0 1 1 0 1 1 0 1 1 0 1 1 0 1 1 1 0 1 0 1 1 1 0 0 0 0 1 1 1 0 0 1 0 1 1 0 0 1 0 1 1 1 0 0 0 1 1 0 1 0 1 1 1 1 0 1 1 1 
1 1 1 0 1 1 1 0 1 1 0 0 1 1 0 0 0 1 0 0 0 0 0 0 1 1 0 0 0 1 0 0 1 0 1 1 1 0 0 0 0 1 0 1 0 1 0 0 0 0 0 0 1 1 1 1 1 0 1 0 1 0 1 1 1 1 1 1 0 0 1 0 0 1 1 1 0 0 1 0 1 0 0 0 0 1 1 0 0 1 
0 1 1 1 0 1 0 0 1 1 1 1 0 0 1 0 0 0 0 1 0 0 1 1 0 0 1 0 1 1 0 1 1 1 0 0 0 1 0 0 1 0 1 0 0 0 0 1 0 0 0 1 1 0 1 1 0 1 0 1 1 1 0 1 1 0 0 0 1 1 0 0 1 0 0 1 1 1 0 1 0 0 0 1 1 0 0 1 1 1 
0 1 1 1 1 1 1 0 1 1 0 0 1 1 0 0 0 1 1 1 0 1 0 0 1 0 0 1 0 0 0 1 0 1 1 1 0 1 0 0 0 1 1 0 0 1 0 0 0 0 1 0 1 1 1 0 0 0 0 1 0 1 0 0 1 0 1 0 0 1 0 1 1 1 0 0 1 0 0 0 0 0 1 1 0 1 0 0 1 1 
0 0 1 0 0 1 1 0 1 1 0 0 0 1 1 0 0 0 0 1 1 1 0 0 1 0 1 1 1 0 1 0 0 0 1 0 1 0 1 1 0 0 0 1 1 0 1 1 0 0 0 1 0 0 0 0 0 1 0 1 1 0 1 1 1 0 0 1 1 1 0 1 1 0 1 1 0 0 1 1 1 0 0 0 0 1 1 0 1 1 
0 1 0 0 0 0 1 1 1 1 0 1 0 0 0 0 1 0 1 1 0 1 0 0 0 1 1 0 1 0 0 0 1 0 1 1 0 1 1 0 0 1 0 0 1 0 1 0 0 0 0 0 1 0 0 1 1 0 0 1 0 0 0 0 0 0 1 0 0 1 0 0 1 1 0 0 1 1 0 0 1 1 1 1 1 0 1 0 1 0 
0 0 0 1 1 0 0 0 0 0 0 0 0 0 1 1 1 1 1 1 0 0 1 0 1 1 1 1 0 0 1 0 0 0 0 0 0 1 1 0 1 1 1 1 1 0 0 0 1 1 0 1 1 1 0 1 1 0 0 1 1 0 0 0 1 1 0 1 0 1 1 1 1 0 1 1 1 1 1 1 1 0 0 1 1 1 0 1 0 1 
0 0 0 0 0 0 1 1 1 0 0 1 1 1 0 0 1 0 0 1 0 1 1 1 1 1 0 0 0 0 0 1 0 0 1 1 0 1 0 0 1 0 1 1 0 1 0 0 1 0 1 1 0 1 0 1 0 0 1 0 0 1 0 1 1 1 0 1 0 1 0 1 1 1 0 1 0 1 0 0 1 1 0 0 0 1 0 1 0 0 
1 1 1 1 1 1 0 1 0 0 0 1 0 0 0 1 0 1 1 0 0 1 0 1 1 0 0 0 0 1 0 0 1 1 1 0 0 0 1 1 0 0 1 0 0 0 0 1 1 0 1 1 1 1 0 0 0 0 1 0 0 1 1 1 1 0 1 0 0 1 0 1 1 1 0 0 1 1 0 0 0 1 0 0 1 0 0 0 0 1 
0 0 0 0 0 1 1 1 0 0 0 1 1 1 0 1 0 0 0 1 0 0 1 1 0 0 0 0 1 0 1 0 1 1 1 1 1 1 0 1 0 0 0 1 0 1 0 1 1 1 0 1 0 0 0 0 0 1 1 1 0 0 1 1 1 1 1 0 0 0 1 0 1 1 1 0 0 1 1 1 1 1 0 0 0 0 1 0 1 0 
1 1 1 1 1 0 0 0 1 1 0 0 0 0 1 0 1 0 1 1 1 1 1 1 0 1 1 1 0 1 1 0 0 1 1 1 0 1 1 1 1 1 0 0 1 0 1 1 0 1 1 1 0 1 0 1 1 1 1 1 1 1 0 0 0 1 1 0 0 0 1 0 1 0 1 0 1 1 0 1 1 1 1 1 1 0 1 0 0 1 
0 0 0 0 1 0 0 0 1 0 1 0 1 1 0 1 0 1 1 1 0 1 0 1 1 0 1 1 0 1 1 0 1 1 0 0 0 0 0 0 1 1 1 1 1 1 0 1 1 0 0 0 1 0 1 1 1 0 0 1 1 1 1 1 0 1 1 1 1 1 0 0 0 0 0 1 1 1 0 1 0 1 0 0 0 0 1 1 0 1 
0 1 0 1 0 0 1 1 1 1 1 1 0 1 0 0 0 1 1 0 1 0 0 0 0 0 0 1 0 1 1 0 0 0 0 0 1 0 0 1 1 0 1 1 1 1 1 1 0 1 1 0 1 0 0 0 0 1 1 0 0 0 1 0 1 0 0 0 1 0 0 0 0 1 1 1 0 0 0 0 1 0 1 1 0 0 0 1 1 0 
0 1 0 0 1 1 1 1 1 0 1 1 1 1 1 0 1 1 0 0 1 1 0 1 0 1 0 0 1 0 0 1 1 1 0 1 1 1 0 1 0 1 0 0 0 0 0 1 0 0 0 1 0 0 1 0 0 1 1 0 1 1 0 1 1 0 0 0 0 0 1 1 0 0 1 1 0 1 0 1 1 1 0 1 1 1 1 0 0 1 
1 0 0 0 0 0 0 0 1 0 1 1 1 1 0 1 1 0 0 1 0 0 0 0 0 0 1 1 0 0 1 0 0 0 0 0 1 1 1 0 0 1 0 1 1 0 0 1 0 1 0 0 1 0 1 1 0 1 0 0 1 0 0 0 0 1 0 0 0 0 0 1 0 1 0 1 0 1 0 1 0 0 1 1 0 0 1 0 0 0 
1 1 0 1 1 1 0 0 1 0 1 1 1 0 1 1 1 0 1 1 0 1 1 0 0 1 0 1 1 1 1 0 0 1 1 0 1 1 0 1 0 0 1 0 1 1 1 1 0 1 1 0 0 0 0 1 0 1 1 0 0 0 0 0 0 0 0 0 1 0 1 0 1 1 0 1 1 1 0 1 1 1 0 1 1 0 1 0 1 1 
0 1 0 1 0 0 0 1 1 1 1 1 1 0 0 0 0 0 1 0 0 0 0 1 0 0 0 0 1 0 1 1 1 1 0 1 1 1 0 0 0 1 1 1 0 1 1 0 1 1 0 0 0 1 0 0 1 1 0 1 0 0 1 1 0 1 0 0 1 1 0 1 1 0 0 1 1 0 1 0 0 1 1 0 0 1 1 1 0 1 
1 0 0 0 0 0 1 1 1 0 0 0 1 1 1 0 0 1 0 0 0 0 0 1 1 1 0 0 1 1 1 1 0 1 1 0 0 0 1 1 0 1 1 0 1 0 1 0 1 1 1 0 0 1 0 0 1 0 1 1 1 1 0 1 0 0 0 1 0 0 1 0 1 0 1 0 0 0 0 0 0 1 1 1 1 1 0 0 1 0 
1 1 1 0 1 1 1 1 1 0 0 1 0 1 0 0 1 0 1 0 0 0 0 1 1 0 1 1 0 1 1 0 0 0 0 0 0 0 1 1 0 0 1 0 0 0 0 0 0 1 0 1 0 1 1 1 1 0 0 1 0 1 1 0 1 1 1 1 0 1 0 1 1 1 0 1 0 1 1 1 1 1 0 0 0 1 1 1 1 0 
0 0 0 1 0 0 0 1 0 1 0 0 0 1 1 0 0 1 1 1 1 0 0 0 0 0 0 1 0 0 0 0 1 0 1 1 0 0 1 1 1 0 1 1 0 0 1 0 1 1 1 1 0 0 1 0 0 0 1 1 1 0 1 1 1 1 1 1 1 0 1 0 1 0 0 0 1 0 1 0 0 0 0 0 1 0 1 0 1 0 
1 0 1 1 0 1 0 0 0 1 0 0 1 1 0 0 0 0 0 1 1 1 1 1 0 1 0 0 1 1 0 0 0 0 1 1 0 0 1 1 0 0 1 0 1 1 0 0 1 1 0 1 0 0 0 1 0 0 0 0 1 1 0 0 1 1 1 0 1 1 0 1 0 1 1 1 0 1 0 1 0 1 1 0 1 1 0 1 1 0 
0 1 0 1 0 1 1 1 0 1 1 0 0 1 1 1 0 1 1 0 0 1 0 1 0 1 1 1 1 1 0 0 0 0 1 1 1 1 1 1 0 1 0 1 1 0 0 1 1 0 0 0 1 1 1 0 0 0 0 1 0 1 1 0 1 1 1 0 0 1 0 1 1 1 1 0 0 1 0 1 1 0 0 0 0 1 1 0 0 0 
1 0 0 1 1 1 0 0 0 1 0 1 1 0 0 0 1 1 0 1 0 0 1 1 1 1 1 0 1 0 1 1 1 0 1 1 0 1 1 0 1 1 0 0 0 1 1 0 0 0 1 1 1 0 1 1 0 0 0 1 1 1 0 1 1 1 0 1 1 1 1 0 0 1 1 0 1 1 0 1 0 1 1 1 0 1 0 0 0 1 
