30 90 6
287.0 300.0 278.0 292.0 263.0 251.0 305.0 399.0 332.0 278.0 262.0 267.0 224.0 218.0 276.0 220.0 164.0 339.0 219.0 153.0 260.0 173.0 278.0 282.0 293.0 201.0 285.0 201.0 316.0 294.0 
2.3 3.1 1.9 3.8 2.5 3.3 4.1 4.8 2.9 2.3 3.5 3.0 2.4 3.3 2.0 3.5 2.5 3.0 3.4 4.1 3.6 3.3 2.5 3.5 3.6 1.7 4.2 1.1 3.1 2.0 2.9 2.3 3.2 1.2 3.4 2.8 3.3 2.2 2.9 2.5 2.8 4.0 3.3 2.0 4.1 3.3 2.2 1.6 2.6 1.7 3.1 3.2 2.8 3.0 2.0 3.6 2.9 3.9 2.0 2.8 3.3 3.7 1.6 3.0 2.9 4.7 2.2 2.8 2.4 3.4 4.8 5.0 1.6 1.7 2.9 3.4 3.5 3.3 4.8 3.2 3.0 3.4 2.6 4.1 2.7 2.4 3.4 1.9 3.3 3.1 
1 0 1 0 0 1 1 1 1 1 0 0 0 0 1 1 1 1 0 1 1 1 0 0 0 1 1 0 1 1 0 1 0 1 0 1 1 1 1 0 1 1 0 0 1 1 0 0 0 0 1 0 0 1 0 1 1 0 1 1 1 1 0 1 0 1 0 1 1 1 0 1 0 1 0 1 0 1 0 1 0 0 1 0 1 1 0 0 1 1 
1 0 1 1 0 0 0 1 1 0 0 0 1 0 0 0 0 1 1 1 1 1 0 0 1 1 1 1 0 1 1 0 0 0 1 1 0 1 0 0 0 1 0 0 0 0 1 1 1 1 0 0 0 1 0 1 0 1 0 1 0 1 0 1 1 1 0 0 0 1 1 1 1 1 1 1 1 0 0 0 1 0 1 0 1 0 1 0 0 1 
0 1 0 0 0 1 1 0 1 1 1 1 0 1 1 1 1 1 0 1 1 1 0 1 1 0 1 1 1 0 1 0 1 0 0 0 1 0 1 0 1 1 1 1 1 0 0 1 0 1 0 0 1 1 0 1 0 0 1 1 0 0 1 0 1 0 1 1 0 1 0 1 1 0 0 1 1 0 1 1 0 0 0 1 0 0 0 0 0 1 
0 0 1 1 0 1 1 0 0 1 0 0 1 1 1 1 1 0 0 1 0 1 1 0 0 1 0 0 0 1 0 0 1 0 0 1 0 1 1 1 0 0 1 1 0 1 1 1 1 1 1 1 0 0 1 0 0 1 0 1 0 0 0 0 0 1 0 1 1 1 0 0 1 0 0 1 1 0 1 1 1 1 1 1 1 0 1 0 0 1 
1 1 1 1 0 1 1 0 0 1 0 1 0 0 0 0 1 1 1 1 0 1 1 0 1 0 1 0 1 1 0 1 1 0 1 1 1 0 0 0 1 0 0 0 1 1 0 1 0 0 0 1 1 1 0 0 1 0 0 1 0 1 0 0 0 0 1 1 1 0 0 0 1 0 0 1 0 1 0 0 0 0 1 1 1 1 1 1 0 0 
0 0 1 1 0 0 1 1 0 0 1 1 0 1 1 1 1 1 0 0 0 1 0 1 0 1 1 1 1 1 0 1 1 0 0 1 1 1 0 1 1 0 1 1 1 0 1 0 1 0 1 1 0 0 1 1 1 1 1 0 1 1 0 1 1 0 1 0 1 1 0 1 0 0 0 0 0 1 1 1 0 1 1 0 1 0 1 0 0 0 
0 1 0 0 1 1 0 0 1 0 0 1 0 1 0 0 0 1 1 0 1 1 0 1 0 0 1 0 0 0 0 0 1 1 0 1 1 1 0 1 0 1 0 0 1 1 0 0 1 1 0 0 0 1 1 1 1 1 1 0 0 0 0 0 1 0 0 0 1 0 1 1 1 1 1 1 0 1 0 1 1 0 0 1 0 0 1 0 0 0 
0 1 1 1 1 0 1 1 1 0 0 1 0 1 1 1 1 0 0 1 0 0 0 1 0 1 1 1 1 0 0 0 0 1 0 0 0 0 0 1 0 1 1 1 1 0 1 0 0 1 1 0 0 1 1 1 1 0 1 1 0 1 0 0 1 0 0 1 1 1 1 1 0 1 1 1 0 1 1 1 1 1 0 1 1 1 1 0 0 0 
1 1 0 1 0 0 1 1 0 0 1 0 1 1 0 1 1 1 0 1 0 0 1 0 0 1 0 0 1 0 0 1 1 0 1 0 1 1 1 1 0 1 0 0 1 1 0 0 0 0 1 0 1 0 1 0 0 1 0 0 0 1 0 0 0 1 1 0 0 1 0 1 1 0 1 0 1 1 1 1 1 1 1 1 0 0 0 0 1 1 
1 0 0 0 1 0 0 1 0 1 1 1 0 0 1 0 0 1 1 0 0 0 0 0 1 1 0 0 0 1 0 1 0 1 1 0 1 0 0 0 0 1 1 1 0 1 0 0 0 0 0 1 1 0 0 0 1 0 0 1 0 0 0 1 1 1 0 0 0 0 1 1 0 1 1 0 1 1 0 0 0 1 0 0 1 0 1 0 1 1 
1 0 0 0 0 0 1 1 1 1 0 0 1 1 0 0 0 0 0 0 1 0 0 1 1 1 0 1 1 1 1 0 0 0 1 0 1 0 1 0 0 0 1 0 1 1 1 0 1 1 0 0 1 1 0 1 1 0 1 0 0 0 0 0 1 0 0 0 0 1 0 1 0 0 1 0 0 1 0 0 0 1 1 0 1 0 0 1 1 1 
0 0 1 1 1 1 1 0 0 0 0 0 1 1 0 1 0 1 1 1 1 0 1 1 1 1 1 0 1 1 0 1 0 0 0 0 0 0 1 1 0 1 0 0 0 0 0 0 1 1 1 0 0 1 0 1 1 0 0 1 0 1 1 1 1 0 0 0 1 1 0 0 1 0 1 0 0 1 1 0 1 0 1 0 0 1 0 0 0 1 
0 1 1 0 0 1 0 0 0 0 0 1 0 1 1 1 0 0 0 1 1 0 1 0 0 0 0 1 1 0 1 0 0 0 1 0 1 1 1 0 0 1 1 1 0 0 1 1 1 0 0 1 0 1 1 0 0 1 0 1 0 1 0 0 1 0 0 0 1 1 1 1 1 1 1 1 0 1 0 0 1 0 1 0 0 0 1 1 1 1 
0 0 0 0 0 0 0 0 0 0 0 0 0 1 1 0 0 0 0 0 0 0 1 0 1 0 0 0 1 1 0 0 1 0 1 0 0 0 0 1 1 0 1 0 0 0 0 1 1 0 1 1 0 1 0 1 0 1 0 0 0 0 0 0 1 1 1 1 0 0 1 0 0 0 1 0 1 1 0 0 0 0 1 0 1 0 0 0 1 0 
0 0 0 0 1 0 1 0 1 0 0 0 0 0 0 0 0 0 1 0 0 0 1 0 0 0 1 1 0 1 0 0 0 1 1 0 1 1 1 1 1 0 1 0 1 1 0 1 0 1 1 1 1 0 0 0 1 0 0 1 0 1 0 0 1 1 1 0 0 1 0 0 0 1 0 0 1 0 0 1 1 0 0 0 1 0 0 1 1 1 
1 0 0 1 0 1 1 1 1 1 1 1 1 0 0 1 1 1 0 1 1 0 0 0 0 0 0 0 1 1 0 1 1 1 0 0 1 0 0 0 1 1 1 1 1 0 0 1 0 0 0 1 0 1 0 0 1 0 0 0 1 1 0 1 1 1 0 0 1 1 1 0 1 1 0 1 1 1 0 0 1 0 0 1 0 1 1 0 1 0 
1 0 0 1 0 1 1 1 1 1 1 0 1 1 1 1 0 1 1 1 1 1 0 0 0 0 0 1 0 0 0 0 1 0 0 0 0 1 0 1 1 0 0 1 1 0 1 1 0 0 1 1 1 1 1 0 0 1 0 1 1 1 1 0 1 1 1 0 1 0 1 0 1 0 0 0 0 0 0 0 0 1 1 0 1 1 1 1 0 1 
1 0 1 0 0 0 0 1 1 0 0 1 0 1 0 1 1 1 1 1 0 1 0 0 0 0 1 1 0 1 1 1 1 0 0 1 1 1 1 0 1 0 1 0 1 0 0 1 0 0 0 0 1 0 1 0 1 1 0 0 1 0 0 0 1 0 1 1 1 1 0 0 0 0 0 0 0 0 1 0 0 0 1 1 1 0 0 1 1 1 
0 1 0 0 1 1 1 1 0 0 0 1 1 1 1 0 1 1 0 1 0 1 1 1 0 1 0 1 0 1 0 0 1 1 0 1 0 1 1 0 0 0 0 0 1 1 0 0 1 0 1 1 0 1 1 1 0 1 0 1 1 1 0 0 0 0 0 1 1 0 1 0 1 0 0 0 1 1 1 0 1 1 1 0 0 1 1 1 0 0 
1 1 0 0 0 0 1 0 1 1 1 0 1 0 1 1 0 1 1 1 0 1 0 0 1 1 1 0 1 0 0 0 1 0 1 0 0 1 1 1 1 0 1 0 0 0 1 1 0 0 0 0 0 0 0 0 0 0 0 1 0 1 0 0 0 0 0 1 0 1 1 1 1 1 1 1 1 0 1 0 0 0 0 1 0 1 1 0 0 0 
0 1 1 1 1 1 1 1 0 1 0 1 0 0 0 1 0 0 0 0 1 1 0 0 0 1 1 0 0 0 0 1 1 0 1 1 0 0 0 0 0 0 0 0 0 1 1 1 0 0 1 1 0 0 1 0 0 1 0 0 1 1 1 1 1 0 0 0 1 1 0 0 0 0 1 1 1 1 0 1 1 0 1 0 0 1 0 1 0 1 
1 1 0 0 1 0 1 1 1 1 0 1 0 1 0 1 1 1 1 0 0 1 1 0 0 1 1 0 1 1 0 0 1 1 1 1 0 0 0 1 1 0 1 1 0 1 1 1 0 1 0 0 1 0 0 0 0 1 1 1 0 1 1 0 0 0 1 0 0 1 0 1 1 0 0 0 1 1 0 1 0 1 0 0 1 1 0 1 0 0 
1 1 1 0 0 1 1 0 0 0 1 0 0 0 1 0 1 0 1 1 0 0 0 1 0 0 0 1 1 0 0 1 1 0 1 1 0 1 1 1 1 0 1 0 0 0 1 1 1 1 0 0 0 1 1 0 0 1 0 0 0 1 0 0 0 0 0 0 1 1 1 0 0 0 0 1 0 1 0 1 0 1 0 1 0 1 1 1 1 1 
1 1 0 0 0 0 1 0 0 1 0 0 1 1 0 0 1 1 0 1 0 1 0 0 1 1 1 0 1 0 1 0 0 1 1 1 1 0 1 0 0 1 1 1 0 0 1 1 1 0 1 0 1 1 1 0 1 0 0 1 0 0 1 0 0 0 1 0 0 1 0 0 1 0 0 0 0 1 0 0 0 0 1 0 1 0 1 1 1 1 
0 1 0 0 1 0 1 1 1 0 1 0 1 0 1 1 1 1 0 0 0 1 0 1 1 0 0 0 1 1 1 0 1 0 1 1 0 1 1 1 0 1 0 0 0 1 1 1 0 0 1 0 0 0 1 1 1 0 1 1 1 0 1 1 0 0 1 1 1 1 1 0 0 0 0 0 1 1 1 1 1 0 0 0 0 0 0 0 0 1 
1 1 1 1 0 0 1 0 0 1 0 1 0 0 0 0 1 0 0 1 1 1 1 1 0 0 0 0 0 0 1 0 0 1 0 1 0 0 0 1 0 0 1 1 0 0 0 1 1 0 1 0 0 0 0 0 0 1 0 0 0 0 0 1 0 1 1 0 1 1 1 1 0 0 1 1 0 1 1 1 1 1 0 1 1 0 1 1 1 1 
1 1 0 0 0 1 0 0 1 1 1 1 1 1 0 1 1 0 0 0 0 0 1 1 1 1 0 1 0 0 0 0 0 1 0 0 0 0 0 1 1 1 1 1 1 0 0 0 0 0 1 1 0 0 0 0 0 0 0 1 0 0 0 0 1 0 1 1 0 1 0 1 0 0 1 0 1 0 0 0 1 0 1 1 1 1 0 1 0 0 
1 1 0 0 1 0 0 1 1 0 0 1 0 0 1 1 0 1 0 1 0 0 0 1 0 0 0 0 1 0 1 0 0 1 1 1 1 1 0 1 0 1 1 1 1 0 1 1 0 0 1 0 1 0 1 1 1 1 1 0 0 1 0 0 0 1 1 0 1 0 0 1 1 1 0 1 1 1 1 1 1 0 1 1 1 0 1 1 1 0 
0 0 1 0 0 1 0 1 1 1 1 0 0 0 1 1 1 0 0 0 1 0 1 0 1 1 0 0 1 1 0 0 1 1 1 1 0 0 0 1 1 1 0 1 1 0 1 1 0 1 1 0 1 1 0 0 0 1 1 1 1 1 0 1 0 1 1 0 0 0 0 1 0 1 1 0 0 0 1 0 1 0 0 1 1 1 0 1 1 0 
0 0 1 0 0 1 1 1 1 1 0 1 0 0 0 1 1 1 1 0 1 0 0 1 0 1 0 0 0 1 0 1 1 0 1 0 1 0 1 1 0 0 0 1 1 0 0 0 1 1 1 1 1 1 0 0 1 1 1 0 1 0 0 1 0 0 0 1 0 1 1 0 1 1 0 0 0 0 0 0 1 0 1 0 1 0 1 1 1 1 
