30 50 6
281.0 265.0 304.0 221.0 200.0 257.0 277.0 313.0 300.0 253.0 289.0 244.0 235.0 166.0 243.0 289.0 145.0 147.0 278.0 276.0 222.0 246.0 276.0 323.0 215.0 197.0 306.0 327.0 236.0 240.0 
3.6 4.5 3.5 4.8 3.8 2.8 2.9 4.7 2.7 2.2 2.4 3.9 3.1 2.6 2.5 1.2 2.5 3.7 3.4 4.2 3.4 2.6 3.5 3.7 3.0 0.3 3.5 2.5 2.9 3.8 3.3 2.8 3.1 2.2 2.9 1.9 3.2 2.7 3.1 2.9 3.6 4.0 2.3 3.0 3.8 4.2 2.6 2.1 2.0 3.3 
1 0 1 0 0 0 0 0 0 0 1 0 1 0 0 1 1 1 1 0 0 0 1 1 1 1 0 1 0 0 0 1 1 0 1 0 1 1 1 1 1 1 0 1 1 1 1 1 1 1 
1 1 1 0 1 1 1 0 1 1 0 1 0 1 0 1 1 1 1 1 1 1 1 1 0 0 0 0 1 0 1 0 0 0 1 0 0 0 0 0 1 1 0 1 0 0 1 0 1 1 
0 1 0 1 1 1 0 0 0 1 0 1 0 0 1 1 1 0 0 1 0 0 0 0 0 1 1 0 1 1 1 0 1 1 0 0 0 0 0 0 1 0 1 0 0 0 1 0 0 0 
1 0 1 1 0 0 1 1 0 0 1 1 1 0 1 1 0 1 1 0 0 1 1 0 0 0 0 0 0 0 1 1 0 0 0 0 0 0 0 1 0 1 1 1 0 0 0 1 0 0 
1 1 0 1 0 0 1 0 1 0 0 1 1 0 0 0 0 1 1 0 1 0 1 1 1 0 1 0 1 0 0 1 0 1 1 1 0 1 0 1 1 1 1 0 0 1 1 0 0 0 
1 1 0 1 0 0 1 1 1 0 0 0 0 0 0 1 0 0 1 1 1 1 1 1 1 1 1 1 0 0 1 1 0 0 0 0 0 1 0 1 0 0 1 1 0 0 1 1 0 1 
0 1 1 0 0 1 1 1 0 1 1 0 0 1 0 1 1 0 1 1 1 1 1 1 0 0 1 0 1 0 0 1 0 1 1 1 0 1 0 0 0 0 1 1 1 1 0 0 0 0 
1 1 0 1 1 0 0 1 1 1 1 0 0 1 0 1 0 0 0 0 0 0 1 0 0 0 0 1 0 0 0 1 0 1 1 1 0 1 1 0 0 0 0 0 0 1 1 0 1 1 
1 0 0 0 0 1 1 0 1 1 1 0 1 0 0 0 0 1 1 0 0 1 1 1 0 0 1 1 0 1 0 0 1 1 0 1 1 1 0 0 1 0 0 1 0 0 0 0 1 1 
1 0 0 0 1 1 1 0 0 0 1 0 0 1 1 0 1 1 1 1 0 1 1 0 1 0 0 1 0 1 0 1 1 1 1 1 0 1 0 0 1 0 1 1 0 1 1 1 1 0 
0 0 1 1 0 0 1 0 1 1 0 1 0 0 1 0 0 0 1 0 1 0 0 1 1 0 1 1 1 1 0 0 1 1 0 0 0 0 0 0 0 0 1 1 1 1 0 1 0 0 
1 1 1 0 0 1 0 1 1 1 0 0 1 1 1 0 1 1 1 1 1 0 1 1 0 1 1 0 1 1 0 0 0 0 1 0 0 0 1 1 0 1 1 1 1 0 0 1 0 0 
1 1 1 0 0 0 1 0 0 1 0 0 0 0 1 0 1 0 1 1 0 0 0 1 1 0 1 1 0 1 1 0 1 0 1 1 1 0 1 1 0 1 0 1 0 1 1 1 1 1 
1 0 1 1 1 1 1 0 0 1 1 1 0 0 0 1 0 0 1 0 1 1 0 0 1 1 0 0 1 0 1 0 1 1 1 1 0 0 0 1 1 0 0 0 0 0 0 0 1 0 
0 0 0 0 1 1 1 1 0 1 0 1 0 0 1 0 1 0 1 1 0 0 1 1 1 1 0 1 0 1 1 0 1 1 0 1 0 0 0 1 1 0 0 1 0 0 0 0 1 0 
1 1 1 0 1 1 1 1 1 0 1 0 0 0 0 1 1 1 1 0 0 0 0 1 0 0 1 0 0 0 1 1 0 1 1 0 0 0 1 1 1 0 1 0 1 0 0 0 1 0 
0 1 1 1 0 1 0 1 0 0 0 1 1 1 1 0 1 0 1 0 0 1 0 0 0 0 0 0 0 0 0 1 1 1 1 0 1 0 1 0 0 1 0 0 0 0 1 0 1 1 
0 1 0 0 0 0 1 1 0 1 1 0 1 1 1 0 0 1 0 1 1 0 0 0 0 0 0 0 1 0 0 1 1 1 1 0 0 1 0 0 0 0 1 0 1 0 0 0 0 1 
0 0 1 1 0 0 1 1 0 1 1 0 0 0 1 1 1 1 1 1 1 0 0 1 0 1 1 1 0 0 1 0 1 1 0 1 0 1 1 1 1 1 1 1 0 1 0 1 1 1 
1 1 0 0 1 0 1 1 1 0 1 0 1 1 1 0 0 0 1 1 0 1 0 1 0 1 1 1 0 0 0 0 0 0 1 0 0 0 1 0 1 1 0 0 0 0 1 0 1 1 
1 0 0 0 0 0 0 0 1 1 1 1 1 0 0 0 1 0 1 0 1 1 1 1 0 0 0 0 0 0 1 1 1 1 0 1 0 1 1 0 0 1 1 0 1 1 0 0 1 0 
0 0 0 0 0 0 1 1 0 0 0 0 1 0 0 1 0 0 1 1 1 0 1 1 1 0 0 1 0 0 1 0 0 0 1 0 0 0 0 0 0 1 0 1 0 1 0 1 1 0 
1 0 1 0 1 1 0 0 0 0 1 1 0 1 0 1 1 0 1 1 1 1 1 0 1 1 1 0 1 0 1 0 0 0 1 0 0 1 0 0 1 1 1 0 1 1 1 1 1 1 
1 0 0 1 0 1 1 0 1 1 0 0 1 1 0 1 0 0 1 0 0 1 1 1 1 0 1 1 0 1 1 1 0 0 1 0 1 0 1 0 0 0 0 1 1 1 0 0 1 0 
1 0 1 1 1 0 1 0 0 1 0 1 1 1 0 0 1 1 1 0 1 1 1 1 1 0 0 0 0 0 1 0 1 0 1 0 0 0 0 1 1 0 1 1 1 0 0 1 0 1 
1 0 0 0 1 1 0 0 1 1 0 1 1 1 1 0 0 1 1 1 1 1 0 0 0 0 1 1 0 0 0 1 1 1 1 0 1 0 0 0 1 1 1 0 0 1 0 0 1 1 
1 0 1 0 0 1 1 0 1 1 0 0 1 1 1 1 0 0 0 0 1 1 1 1 0 0 0 1 0 0 0 0 0 1 1 0 1 1 0 1 0 1 0 1 0 0 0 1 1 1 
1 0 1 1 1 1 0 1 0 0 0 1 1 0 0 1 0 0 0 0 1 1 1 0 0 1 1 1 1 1 1 1 1 1 1 0 1 0 0 0 0 0 0 0 1 0 0 0 1 0 
0 1 1 1 1 1 1 0 1 0 1 0 1 0 0 0 1 0 1 0 0 1 0 0 0 0 1 1 1 1 0 0 1 1 1 1 0 0 0 1 1 0 1 0 1 1 1 0 0 0 
0 1 1 1 1 1 0 1 0 1 0 1 1 0 1 0 1 0 0 1 0 1 1 1 0 0 0 1 0 0 1 1 1 0 1 0 1 1 0 1 1 0 0 1 1 0 1 1 1 0 
