50 30 8
271.0 302.0 232.0 262.0 337.0 172.0 282.0 227.0 233.0 307.0 300.0 259.0 250.0 164.0 229.0 250.0 334.0 268.0 216.0 182.0 264.0 232.0 161.0 169.0 165.0 169.0 274.0 148.0 249.0 289.0 270.0 244.0 367.0 245.0 214.0 126.0 244.0 275.0 204.0 180.0 277.0 210.0 254.0 285.0 159.0 297.0 290.0 261.0 206.0 316.0 
3.1 4.4 3.3 3.1 3.1 3.8 4.7 4.1 4.3 4.3 2.9 3.8 4.2 4.9 4.4 4.2 2.7 2.6 5.3 5.7 4.2 5.0 4.9 3.5 5.2 4.8 3.8 3.4 5.2 2.9 
0 1 0 0 1 1 0 1 0 1 1 0 1 0 0 0 1 0 1 0 1 1 0 1 0 1 1 0 0 0 
1 0 1 0 0 1 1 1 1 1 1 0 1 1 0 0 0 0 0 1 0 1 1 0 1 0 1 1 1 0 
0 0 0 0 1 1 1 1 0 1 1 0 0 0 0 0 0 1 0 1 0 0 1 0 0 1 0 1 0 1 
0 1 1 1 0 1 0 0 0 0 1 0 1 1 1 0 1 0 1 1 0 0 1 1 1 0 1 0 0 1 
1 0 1 0 0 0 1 1 1 0 0 1 1 0 1 1 1 1 0 1 1 0 1 0 0 1 0 1 1 1 
1 1 1 0 0 1 0 0 0 1 0 0 0 0 0 1 1 1 0 0 0 1 1 1 1 1 0 1 1 1 
1 0 0 0 0 0 0 1 0 0 1 1 0 1 0 1 0 1 0 0 1 1 1 0 1 0 1 0 1 1 
1 1 0 1 0 0 1 0 1 0 1 0 1 0 0 0 1 0 1 1 1 0 0 1 1 0 1 1 1 0 
1 0 1 0 1 0 0 1 0 1 1 0 1 0 0 1 0 0 1 0 1 1 0 1 0 0 0 0 1 0 
1 0 0 1 1 0 0 0 1 0 1 1 0 0 1 1 1 0 0 1 0 1 1 0 1 0 1 0 1 0 
0 1 0 1 0 0 0 0 0 0 0 0 0 0 1 0 1 0 1 1 0 0 1 1 1 1 1 1 0 0 
1 0 0 1 0 0 1 1 0 0 0 1 1 1 0 0 0 1 1 1 1 1 1 0 0 0 1 1 0 0 
1 1 1 0 1 0 1 1 1 1 1 0 0 1 1 0 0 1 0 1 0 1 1 0 0 0 0 1 0 1 
1 1 0 1 1 1 1 0 1 1 1 1 0 0 0 1 1 1 0 0 0 1 0 0 1 1 1 0 1 1 
1 1 1 1 1 0 1 0 0 1 1 0 1 1 1 1 1 0 0 0 1 0 1 1 1 1 0 1 0 0 
1 1 1 1 1 1 1 0 1 1 1 1 0 0 1 1 0 0 1 0 1 1 1 0 1 1 1 1 0 0 
1 0 1 0 0 0 1 1 0 0 0 0 0 0 0 1 0 1 0 1 1 1 1 1 1 0 1 1 1 0 
1 0 1 0 1 0 1 0 1 0 1 1 0 0 1 0 0 1 1 0 1 0 1 0 1 0 0 1 1 0 
1 1 0 1 0 1 1 0 1 0 1 1 1 1 1 1 0 1 1 1 0 0 0 1 1 1 0 1 1 0 
0 0 1 1 1 1 1 0 0 1 1 1 0 1 0 0 0 0 0 1 1 0 0 1 1 1 1 0 1 1 
0 1 1 0 0 1 0 1 1 1 1 0 0 0 0 1 0 0 0 1 1 0 0 1 1 0 1 0 1 1 
1 1 1 0 0 1 1 0 0 0 0 1 1 1 0 1 1 1 0 0 1 0 1 1 0 1 1 0 1 0 
0 0 0 0 1 1 0 0 1 0 0 0 1 1 1 0 1 1 1 1 0 0 1 1 1 0 0 0 0 1 
1 1 1 0 1 1 0 1 1 0 0 0 0 1 1 1 1 0 1 1 1 1 0 1 0 0 0 1 0 0 
0 1 0 1 1 0 0 1 0 0 1 1 1 1 0 0 0 1 0 0 1 0 1 0 1 0 1 1 1 1 
1 1 0 1 0 0 0 1 1 1 1 0 0 0 1 1 1 0 1 1 0 0 1 1 1 1 0 1 1 0 
0 0 1 0 0 0 0 1 0 1 0 0 1 1 1 1 1 1 1 1 1 1 1 1 1 1 0 1 0 1 
1 0 1 0 1 1 0 0 0 0 1 1 0 0 1 0 1 1 1 0 0 1 1 1 1 1 1 0 0 1 
0 1 1 0 1 0 0 0 1 0 1 0 0 0 1 0 1 0 1 0 1 1 0 0 1 1 1 1 1 1 
1 0 1 0 0 1 1 0 0 0 0 1 0 1 0 1 1 1 1 1 0 0 1 1 1 0 1 0 1 1 
0 0 0 0 0 0 0 1 0 0 1 1 1 0 1 0 1 0 0 0 0 1 0 0 1 0 1 1 0 0 
0 1 1 1 1 1 0 1 0 0 0 0 0 1 0 1 1 1 0 0 0 0 1 0 1 0 0 1 1 0 
1 0 0 1 0 1 1 1 1 1 1 1 0 0 1 0 1 0 0 0 0 0 0 1 1 1 1 0 1 1 
0 0 0 1 0 0 0 0 0 0 0 1 0 0 0 1 1 0 0 0 0 1 0 0 1 1 0 1 1 0 
0 0 0 0 1 1 0 1 1 0 1 1 1 1 0 0 1 0 0 0 1 0 1 0 1 0 1 0 1 0 
0 1 1 0 0 1 1 0 0 0 0 1 1 0 1 1 0 0 0 1 1 0 0 1 1 1 0 0 0 1 
0 1 0 1 1 0 0 1 0 0 1 0 0 0 1 0 1 0 0 1 1 1 0 0 1 1 1 1 1 1 
1 1 1 1 1 1 1 0 1 0 0 1 0 0 1 0 1 0 0 0 1 0 0 0 1 0 0 1 0 1 
1 0 1 0 1 1 0 1 0 0 1 1 0 0 0 1 1 1 0 0 1 0 1 1 1 1 0 1 1 0 
0 1 0 1 1 0 1 0 1 0 0 0 1 1 1 0 0 0 0 1 1 1 0 1 0 1 1 1 0 0 
1 0 0 1 1 1 1 1 1 1 1 1 0 0 1 1 1 0 1 0 1 0 1 0 0 1 0 0 1 0 
1 0 0 1 0 0 1 1 1 0 1 1 1 0 1 0 0 1 1 1 1 1 1 0 1 1 0 1 1 1 
0 1 1 1 1 1 1 1 1 0 1 0 1 1 0 1 1 1 0 0 1 0 1 0 1 1 1 1 0 0 
1 1 1 0 0 0 1 0 1 1 0 1 1 0 1 1 0 1 1 1 1 1 0 1 1 0 0 1 1 0 
0 1 1 0 1 0 0 1 0 0 1 0 1 1 1 1 1 0 1 1 0 0 1 1 1 1 0 0 0 0 
0 0 1 1 1 1 1 1 1 1 0 1 0 0 1 1 1 0 0 1 1 1 0 1 1 0 1 1 0 0 
1 1 1 1 1 0 1 0 0 0 0 0 1 1 1 0 0 0 1 1 0 0 0 0 0 1 0 1 1 0 
0 0 1 0 1 1 1 0 0 1 1 1 1 0 1 0 1 1 0 1 0 0 1 1 0 1 1 0 1 0 
0 0 0 1 0 1 1 0 1 0 0 1 1 1 1 0 1 0 0 1 1 1 0 0 0 0 1 0 1 0 
1 0 0 0 0 0 0 1 0 1 1 0 0 0 0 0 1 0 1 1 0 0 0 0 1 1 0 0 1 1 
