50 90 6
206.0 206.0 371.0 279.0 214.0 247.0 194.0 273.0 170.0 338.0 188.0 212.0 253.0 153.0 251.0 201.0 258.0 286.0 335.0 333.0 203.0 271.0 310.0 256.0 229.0 214.0 259.0 321.0 182.0 230.0 282.0 221.0 260.0 237.0 223.0 300.0 368.0 236.0 220.0 298.0 228.0 283.0 271.0 297.0 261.0 243.0 197.0 184.0 212.0 272.0 
3.6 3.9 1.7 3.3 3.8 3.3 2.0 3.6 3.4 3.7 2.0 2.4 3.8 3.4 3.4 2.7 1.2 3.4 2.5 2.2 3.6 3.1 3.0 3.0 4.9 2.6 2.6 3.6 4.6 2.5 3.9 3.6 2.6 2.6 3.1 2.5 3.0 3.3 1.0 2.3 3.6 4.8 2.1 1.3 2.8 2.4 2.9 3.0 3.7 2.2 2.8 3.2 3.6 4.2 1.7 3.1 3.4 2.3 2.9 2.9 2.9 3.2 1.6 2.5 2.7 2.0 3.1 3.5 3.9 2.7 3.1 2.8 2.7 3.0 2.7 2.3 1.7 1.5 1.6 2.3 3.5 3.7 2.9 2.9 2.1 2.8 4.1 3.8 3.1 4.4 
0 1 0 1 1 0 1 0 1 0 1 0 0 1 0 0 0 0 1 1 0 1 0 1 0 1 1 1 0 0 1 1 1 1 1 0 1 0 1 0 1 1 1 0 1 0 1 1 1 1 1 1 1 0 0 0 1 0 0 1 1 0 1 0 0 1 0 1 1 0 0 0 0 0 1 1 1 1 1 1 1 0 1 0 1 1 0 1 0 1 
0 1 1 0 1 0 0 0 1 1 1 0 0 0 1 1 0 0 0 1 0 0 1 1 1 0 1 0 0 0 0 0 1 0 0 0 1 1 0 1 1 0 0 0 1 0 0 0 1 1 1 1 0 1 0 0 0 1 1 0 0 0 1 0 0 1 1 0 0 1 1 1 0 0 1 1 0 1 0 0 1 1 1 0 1 0 0 1 1 0 
0 1 0 1 1 0 1 1 1 0 0 1 1 1 0 0 0 0 1 1 1 0 1 1 1 1 0 0 1 1 0 1 0 0 1 1 1 1 0 1 0 1 0 1 1 1 1 1 1 0 0 1 1 0 1 1 0 1 0 1 0 0 1 1 1 1 0 0 1 1 0 1 0 0 0 1 0 1 0 1 0 0 0 0 1 1 1 1 0 1 
0 1 0 0 1 1 1 0 1 1 0 1 1 0 0 0 0 1 0 0 0 1 1 0 0 1 1 0 1 0 1 0 1 0 0 0 0 0 0 1 0 0 0 0 1 0 0 1 1 1 1 0 1 0 1 0 1 0 0 1 1 0 1 1 1 0 0 0 0 0 0 1 0 1 0 1 0 1 1 1 1 0 0 1 1 1 0 1 0 1 
1 0 0 0 0 1 1 0 1 0 1 0 0 1 0 1 1 1 0 0 1 1 0 1 1 1 0 0 1 1 0 1 1 0 0 0 1 0 1 1 0 0 0 1 1 0 0 1 0 1 1 0 1 0 0 0 1 1 1 1 0 0 1 1 0 1 1 1 1 1 0 0 0 0 1 1 1 0 0 0 1 1 1 1 0 1 0 0 0 1 
0 0 1 0 0 0 1 0 1 1 0 1 1 1 1 1 0 0 0 0 1 0 1 1 0 1 1 0 1 0 1 1 1 0 0 0 1 0 0 1 1 0 0 1 1 1 1 0 0 1 1 1 1 1 1 0 1 0 1 1 1 1 0 0 0 0 0 1 0 0 0 0 0 1 0 0 0 1 1 0 0 1 0 1 1 1 0 0 1 1 
1 1 1 1 1 0 1 1 0 0 1 1 1 0 1 0 0 1 1 1 1 0 0 1 0 1 1 1 0 1 1 0 1 1 0 1 1 0 0 1 1 0 0 1 1 0 1 0 1 1 0 0 1 0 1 1 1 1 1 0 1 0 1 1 0 1 0 0 1 0 1 1 1 1 0 0 0 1 0 0 0 1 0 0 0 0 0 0 0 1 
1 1 1 1 1 1 1 0 1 1 1 1 0 0 0 1 0 0 0 1 1 1 1 1 1 1 1 0 1 0 0 0 0 1 1 1 0 0 1 1 0 0 1 0 1 0 0 1 1 0 0 0 0 0 0 0 0 0 0 0 1 0 1 0 0 0 0 1 1 1 1 0 1 1 0 1 0 1 0 1 0 1 1 0 1 0 1 0 0 0 
0 1 1 0 0 0 1 0 1 1 1 0 1 1 1 0 0 0 1 0 0 0 1 1 0 0 1 0 1 0 1 1 0 1 1 1 1 0 0 0 1 1 1 1 0 1 1 0 1 0 0 1 0 0 1 0 1 0 0 0 1 0 0 1 1 0 1 0 0 1 0 1 1 1 1 0 0 0 0 1 1 0 1 0 0 1 0 0 0 1 
1 0 1 1 1 0 0 1 1 0 1 1 1 0 0 0 0 0 1 0 1 0 1 1 1 1 0 1 0 0 1 1 1 1 0 0 0 1 0 0 0 0 1 1 0 1 0 0 0 1 1 0 0 1 0 0 0 0 0 1 0 1 1 1 1 1 1 0 1 1 0 0 0 0 0 1 1 1 0 1 1 1 0 1 1 0 1 1 0 1 
1 0 0 1 1 0 0 1 1 0 1 0 0 1 1 1 1 0 0 0 0 1 0 0 0 0 1 0 1 0 0 1 0 0 1 0 0 0 0 1 0 0 0 0 1 1 0 1 0 1 1 1 1 0 1 1 1 1 0 0 1 1 0 0 1 0 0 1 1 0 0 1 0 1 1 1 1 0 1 1 0 0 0 1 1 0 0 1 1 1 
1 1 0 1 1 1 1 0 1 0 0 1 1 0 1 0 1 0 0 0 1 1 1 0 0 0 0 1 1 0 1 1 1 0 0 0 1 0 1 1 0 0 0 0 1 1 0 0 0 1 0 0 0 0 1 1 1 0 1 0 0 1 0 1 1 1 0 1 1 1 0 1 1 1 0 1 1 1 1 1 0 0 0 0 0 0 1 0 1 0 
1 0 0 0 0 0 0 1 1 1 1 0 1 1 1 1 1 0 0 0 0 1 0 0 1 1 0 0 1 1 1 1 1 0 1 0 0 0 1 1 0 0 0 0 0 1 0 1 0 1 0 1 0 1 1 0 0 1 0 0 1 1 0 1 0 0 0 1 0 0 0 0 1 0 0 0 0 1 1 1 0 1 0 1 1 1 0 0 0 0 
0 1 0 0 1 1 0 0 1 1 0 1 1 1 1 0 1 1 1 1 1 1 0 0 0 1 0 0 1 1 0 1 0 0 0 1 1 1 1 0 0 1 0 1 0 1 1 1 1 1 0 1 1 0 0 1 0 0 0 1 1 1 1 1 0 0 0 1 1 0 1 1 1 1 1 0 0 1 1 1 0 0 0 0 1 1 0 0 0 1 
1 0 0 1 1 0 1 1 0 1 0 0 0 0 1 0 1 0 1 0 1 0 1 0 0 1 1 0 0 1 0 1 1 1 0 0 1 1 1 1 0 1 1 1 1 0 1 0 0 1 0 0 0 0 1 0 1 0 1 1 0 0 0 1 1 1 1 1 0 0 0 1 0 0 1 1 0 0 1 1 0 0 0 0 1 0 1 1 1 0 
1 1 1 0 0 1 0 1 0 0 0 0 0 1 0 1 1 0 1 1 1 0 1 1 0 1 1 1 0 1 1 1 1 1 1 0 1 0 0 1 1 1 0 1 0 1 1 0 0 1 1 0 1 1 1 0 1 1 1 0 0 0 1 0 0 0 1 0 1 0 1 0 1 0 0 1 0 1 0 0 1 1 1 0 0 0 0 1 0 1 
0 0 0 1 1 1 1 1 1 0 0 1 1 1 1 0 0 1 0 0 1 0 0 0 1 0 1 0 0 0 0 1 0 1 0 1 1 1 1 0 0 1 1 0 1 1 0 1 0 1 1 0 0 1 1 0 1 0 1 1 1 0 0 1 1 1 1 0 0 1 1 0 0 1 1 0 0 0 0 0 1 0 0 1 0 1 1 0 1 1 
1 0 1 1 0 1 1 1 1 1 1 0 1 0 1 0 0 0 1 0 1 0 0 0 1 0 0 0 0 0 0 0 1 0 0 1 1 0 0 1 0 1 1 0 1 1 1 0 0 1 0 0 1 0 0 1 1 1 0 0 0 0 0 0 1 1 0 1 1 0 0 1 1 0 1 1 1 0 1 1 1 1 0 0 1 1 1 1 0 1 
1 1 1 0 0 1 1 1 0 0 0 1 0 1 1 0 1 1 0 0 0 1 1 1 1 0 0 1 0 1 1 0 0 1 0 0 0 1 1 0 1 1 1 0 1 0 0 0 1 1 0 1 0 1 0 1 0 1 0 1 1 0 0 0 1 0 1 0 0 1 0 1 1 1 1 0 0 1 1 0 1 0 1 1 1 0 0 0 1 0 
0 0 1 1 0 0 0 1 0 1 1 1 1 0 1 0 1 1 1 1 0 0 1 1 0 1 0 0 0 0 0 1 1 1 0 1 1 1 1 0 1 1 1 0 1 1 1 0 0 1 0 1 0 1 1 1 0 0 1 1 0 0 0 1 1 1 1 0 1 0 1 1 1 1 0 0 1 0 0 1 1 1 0 1 0 1 1 1 1 1 
1 1 0 1 1 1 0 0 1 1 0 1 0 0 0 1 1 0 0 1 0 0 1 1 1 1 1 1 1 1 0 1 1 1 1 0 0 1 1 0 1 0 1 1 0 0 1 1 1 0 0 1 1 1 1 1 0 0 1 0 1 1 0 0 1 0 1 1 1 1 0 1 0 1 1 0 1 1 0 1 0 1 1 1 0 1 1 1 0 0 
1 0 0 1 1 0 0 1 1 1 0 1 1 1 0 1 1 1 1 1 1 1 0 0 0 1 1 0 0 1 1 0 0 1 1 1 1 0 1 1 0 1 1 0 0 1 0 1 0 0 1 1 0 0 0 0 1 1 0 1 0 1 0 1 1 1 1 0 0 0 1 1 1 0 0 1 1 0 1 0 1 1 0 0 0 1 0 0 0 0 
0 1 1 1 1 1 0 0 1 0 0 0 1 0 1 0 0 0 1 0 0 0 0 1 0 1 0 1 0 0 0 1 0 0 1 1 1 1 1 1 0 1 1 0 0 0 1 0 1 0 0 1 1 1 0 0 0 0 0 1 1 0 0 0 1 1 1 1 0 0 0 1 0 0 1 1 1 1 1 1 0 1 0 0 1 0 1 1 1 1 
1 0 1 1 0 1 0 1 0 0 0 1 0 1 0 0 0 1 0 0 0 0 1 0 0 0 0 1 0 0 0 0 0 1 1 0 0 0 1 1 1 0 1 1 0 0 0 0 1 1 1 1 1 0 0 1 1 0 1 0 0 1 0 1 0 1 0 1 1 0 0 0 0 1 0 1 1 0 1 1 1 1 0 1 0 1 0 1 1 1 
0 0 0 1 1 0 0 0 1 1 1 0 1 1 0 0 0 1 0 0 1 0 1 0 0 0 0 0 0 0 1 1 0 0 0 0 1 0 0 0 0 0 0 0 1 1 0 0 0 0 0 0 0 1 1 0 0 0 1 0 1 1 0 0 1 0 0 1 0 0 1 1 0 1 0 0 0 0 1 1 1 1 0 1 1 0 1 0 1 1 
1 1 1 0 1 1 1 1 0 1 1 0 0 1 0 0 1 0 1 0 1 0 1 1 0 0 1 0 0 0 0 0 1 1 1 1 1 0 0 1 0 1 1 1 1 1 0 0 1 0 1 0 0 0 1 1 1 1 1 0 1 0 1 1 0 1 1 0 1 0 1 0 0 0 1 1 1 1 0 0 1 1 1 1 0 0 0 0 1 0 
1 0 0 1 1 1 0 1 0 0 1 1 1 1 1 1 0 0 1 1 0 0 1 0 1 1 1 1 0 1 1 0 1 1 0 0 0 1 1 1 0 1 0 0 1 0 0 0 1 1 1 0 0 1 0 1 0 1 0 1 1 1 0 1 1 1 0 0 1 1 1 0 0 1 1 0 0 0 0 0 1 0 0 0 1 1 0 0 0 0 
0 1 0 0 1 0 0 0 0 0 1 1 0 1 0 1 1 0 1 1 1 0 0 0 0 0 1 0 1 1 1 1 1 0 0 0 1 1 1 0 0 1 1 1 0 0 1 0 0 0 1 1 1 1 0 1 0 0 0 0 0 1 1 0 1 1 0 1 1 1 1 0 0 1 1 1 1 0 0 1 0 0 1 0 1 0 0 0 0 0 
0 1 1 0 1 1 1 0 0 1 0 1 1 1 1 1 0 1 1 0 1 1 0 0 0 0 0 0 0 1 1 1 1 0 0 1 0 0 1 1 0 1 1 0 0 0 0 0 0 0 1 0 0 1 1 0 0 1 1 1 1 1 1 1 1 0 1 0 0 0 1 0 0 0 0 0 0 0 0 0 0 0 1 1 0 0 0 0 1 0 
1 1 1 0 1 0 1 1 0 0 1 0 0 0 0 1 0 0 1 1 0 0 0 1 0 1 0 1 0 1 1 0 0 0 1 1 0 1 0 0 1 1 0 1 1 1 1 1 1 1 0 1 1 0 0 1 0 1 0 0 0 1 1 0 1 0 0 0 0 1 1 1 0 0 0 1 1 1 1 0 1 1 0 1 0 1 1 0 1 1 
1 1 0 0 1 0 1 0 0 1 0 0 0 1 0 0 0 1 1 1 0 0 1 0 1 1 1 0 0 1 1 0 1 0 0 1 0 1 1 0 1 0 1 1 0 1 0 1 0 0 0 0 0 0 0 1 1 1 1 0 0 1 0 0 1 1 0 0 0 0 0 1 1 0 1 1 1 1 1 1 0 0 0 0 1 0 1 0 1 0 
1 1 0 1 0 1 0 1 0 1 0 1 1 0 1 1 1 1 0 0 1 0 1 1 0 1 0 1 0 1 0 1 1 1 1 1 1 1 0 0 1 0 1 0 0 1 0 0 0 1 0 1 1 1 1 1 1 0 1 0 0 1 0 0 0 1 1 0 1 1 1 1 1 1 1 1 1 1 0 0 1 0 0 0 0 0 1 1 1 1 
0 0 1 1 0 0 0 1 0 0 1 1 1 1 1 1 1 1 0 1 0 1 1 1 0 0 1 1 0 0 0 0 1 1 1 1 0 1 0 0 0 1 0 0 1 1 0 0 0 1 0 1 1 0 1 1 0 1 0 1 0 1 0 1 0 0 1 1 0 0 0 0 1 1 1 0 0 0 0 0 1 0 1 0 0 0 1 0 1 0 
1 1 1 1 1 0 0 0 1 0 1 0 1 1 1 0 0 0 1 0 1 1 0 1 0 0 0 1 1 0 0 0 1 0 1 1 1 0 1 0 0 1 1 0 1 1 1 1 0 0 0 0 1 0 1 0 1 1 0 1 1 0 0 0 1 1 1 1 1 1 0 0 1 0 0 1 1 0 0 0 0 1 0 1 0 0 1 1 1 1 
0 0 1 1 1 0 0 0 0 0 0 1 1 1 1 1 0 0 1 1 1 1 1 1 0 1 0 0 1 1 0 0 1 0 1 1 0 0 1 1 1 0 1 1 1 0 0 0 0 0 0 0 1 1 0 1 0 0 0 0 1 0 0 0 1 1 1 1 0 1 1 1 1 1 0 0 0 1 0 1 0 1 0 1 1 1 1 0 1 0 
1 0 1 1 0 1 1 1 1 1 0 1 0 1 0 1 1 1 0 1 0 1 0 1 1 1 0 1 1 1 0 1 1 0 0 0 1 1 1 1 1 0 0 1 1 1 0 1 0 0 0 1 0 1 0 0 1 1 0 0 0 0 1 1 0 0 1 0 0 1 0 1 1 1 0 0 0 0 0 0 0 1 1 0 0 0 0 0 0 1 
0 1 1 1 0 1 0 0 1 0 0 0 1 0 1 0 0 1 1 0 1 1 0 0 1 0 0 0 1 0 0 1 0 1 0 0 1 1 0 1 0 1 0 1 1 1 0 0 0 1 1 0 0 0 1 0 1 0 1 0 1 1 0 1 1 0 0 0 1 0 0 0 0 1 1 0 0 1 1 1 0 0 1 1 1 1 1 1 0 0 
1 1 0 1 0 0 1 1 1 0 1 0 1 1 0 1 0 1 1 1 0 1 0 0 0 1 0 0 0 1 1 1 1 0 1 0 0 0 1 1 0 1 1 0 1 0 1 0 1 1 0 1 1 0 1 0 0 0 0 1 0 0 0 1 1 0 0 0 1 1 1 1 0 1 0 1 1 1 1 1 0 1 1 1 0 0 0 1 1 0 
0 0 1 0 0 0 1 1 0 0 0 0 1 0 0 1 0 1 0 1 1 0 1 0 0 0 0 1 0 0 1 1 0 1 1 1 0 0 1 1 1 1 0 1 1 1 1 0 1 0 1 1 1 0 0 0 1 1 0 1 1 1 1 0 1 0 0 1 0 0 1 0 1 0 1 0 0 0 0 0 1 0 1 0 1 1 0 0 1 0 
1 0 0 0 0 0 1 1 1 0 1 0 1 1 0 1 0 0 1 0 0 1 1 1 0 1 0 0 0 1 1 1 0 1 0 0 0 1 0 0 0 1 1 1 1 1 0 0 0 1 1 0 1 0 1 0 0 0 1 0 0 0 0 1 1 1 0 0 0 1 1 0 0 0 0 0 0 0 1 1 0 0 1 0 1 1 0 1 0 1 
1 0 1 1 0 0 0 0 1 0 0 0 1 0 1 0 0 1 0 1 1 0 1 0 1 0 0 1 1 0 0 0 0 1 0 1 1 1 1 1 1 1 1 0 1 0 1 0 0 1 1 0 1 1 1 1 1 1 1 1 0 1 1 1 0 0 0 1 0 1 0 0 1 0 0 1 1 0 0 1 0 1 1 1 1 1 0 1 0 0 
1 0 1 0 1 1 1 1 0 1 0 0 1 1 0 0 1 0 0 1 1 0 0 0 0 1 0 1 1 1 0 0 0 1 0 1 0 0 0 0 1 0 0 0 1 1 0 0 1 1 0 0 1 0 1 1 1 1 1 0 0 0 0 1 0 1 0 1 0 1 0 0 1 1 0 0 1 0 0 1 0 0 0 0 1 0 1 1 0 0 
1 1 1 0 1 0 1 1 1 0 1 0 0 0 0 1 1 1 0 1 0 0 0 0 0 0 1 1 0 0 0 0 0 0 1 1 0 0 1 1 0 1 0 0 0 0 0 0 0 1 0 1 1 1 0 0 1 1 0 1 0 0 0 1 1 1 1 0 0 0 1 1 0 1 0 1 1 0 0 0 0 0 0 0 1 1 1 0 1 0 
1 0 1 1 1 0 1 0 1 0 1 1 1 1 1 0 1 0 0 1 1 1 1 0 0 1 0 0 1 0 1 0 1 0 1 1 0 0 1 1 1 0 1 1 0 1 0 1 0 1 1 0 1 0 0 1 1 0 1 1 0 1 0 1 0 1 1 0 0 1 1 0 1 0 0 1 0 1 0 1 1 0 0 0 1 0 0 1 0 1 
1 1 1 1 1 0 1 0 0 1 0 0 1 1 0 0 0 0 1 0 0 1 1 1 0 1 1 1 1 0 1 0 0 1 1 0 0 1 0 1 1 1 1 0 0 1 0 1 0 1 1 1 0 0 1 1 1 0 1 0 1 0 1 0 1 1 1 1 0 0 0 1 1 0 1 1 1 0 1 0 1 1 0 1 0 1 0 0 0 1 
1 0 0 0 1 1 1 1 0 0 1 1 1 1 0 1 0 1 1 1 1 1 0 1 1 0 0 0 0 1 1 0 1 1 1 0 1 1 0 0 1 1 1 1 0 0 0 0 0 0 0 1 0 1 0 1 1 1 1 0 0 0 1 0 1 0 1 1 1 1 1 0 0 1 1 0 0 1 0 1 0 0 0 0 1 0 1 1 1 1 
1 0 0 0 0 1 0 0 1 0 0 1 1 1 0 1 0 0 1 0 1 0 0 1 0 0 0 1 1 0 1 1 0 1 1 0 0 0 1 0 1 1 0 1 0 0 1 1 1 1 1 0 0 1 1 0 0 1 1 1 1 0 0 0 1 0 1 0 1 0 0 0 0 0 0 1 1 1 1 1 1 0 0 0 1 1 1 1 1 1 
1 1 1 0 0 1 1 0 0 1 0 1 1 1 0 1 0 1 1 0 0 1 1 1 1 1 1 0 1 1 1 0 1 0 1 1 0 0 1 0 1 0 1 1 1 1 1 0 1 1 0 0 1 1 1 0 1 0 0 0 0 0 1 0 0 1 0 0 1 0 0 0 0 0 1 0 0 1 0 1 1 0 1 0 0 1 0 0 1 0 
1 1 0 0 1 0 0 0 1 0 1 1 0 0 1 1 1 1 0 1 1 0 0 0 1 0 0 0 1 0 1 0 0 1 0 1 1 0 1 1 0 1 0 0 1 1 0 0 0 0 1 0 1 0 1 0 0 0 1 0 1 0 1 0 1 1 1 1 1 1 0 1 0 0 0 0 0 1 0 1 0 0 0 0 1 1 0 1 1 0 
1 1 0 1 0 1 0 0 0 1 0 0 1 0 0 0 1 1 0 1 1 1 1 0 0 1 0 0 0 1 0 0 1 1 1 1 1 1 1 0 0 0 1 1 0 0 0 1 0 1 1 1 1 0 0 0 0 1 0 0 1 0 0 0 0 1 1 1 1 1 0 1 0 1 1 0 0 0 0 0 0 0 1 1 1 1 0 0 1 1 
