50 30 6
254.0 230.0 268.0 254.0 229.0 227.0 321.0 251.0 195.0 159.0 241.0 220.0 255.0 305.0 251.0 276.0 281.0 235.0 204.0 171.0 295.0 273.0 190.0 216.0 270.0 259.0 163.0 232.0 274.0 267.0 174.0 221.0 259.0 223.0 344.0 179.0 267.0 247.0 225.0 181.0 302.0 226.0 244.0 194.0 199.0 293.0 337.0 236.0 238.0 290.0 
2.1 2.6 3.0 3.9 3.7 3.8 3.8 3.3 2.9 4.2 2.5 2.9 3.4 2.0 4.4 2.4 3.9 3.6 4.3 2.6 3.8 3.8 3.6 1.8 1.4 2.1 2.7 3.3 2.7 2.7 
0 0 0 1 1 0 1 1 0 0 0 1 1 0 1 1 1 1 1 0 1 0 0 0 0 0 1 1 1 0 
0 0 1 1 1 1 0 0 0 1 1 1 1 1 0 0 0 0 0 0 1 1 0 0 1 0 0 1 1 1 
0 1 1 1 0 1 1 1 1 0 0 1 1 1 0 1 0 1 1 1 1 0 1 1 1 1 0 1 1 0 
1 1 1 0 0 1 1 1 1 0 0 0 1 0 0 0 0 1 0 1 1 1 0 0 1 0 1 1 0 0 
0 1 1 0 1 1 0 1 1 1 0 1 1 0 0 0 1 0 0 1 1 1 1 0 0 0 0 0 1 0 
0 0 0 0 0 1 1 1 1 0 1 0 1 1 1 1 0 0 1 1 1 1 1 1 1 0 0 1 1 1 
1 0 0 0 0 1 1 0 1 0 0 0 1 1 0 0 0 0 0 0 1 1 0 1 0 0 1 1 1 1 
0 0 1 1 1 1 0 1 1 0 0 1 1 1 0 1 1 0 0 1 0 1 1 0 1 0 0 0 1 0 
0 0 0 1 1 0 0 0 0 0 1 0 1 1 1 1 0 1 1 0 1 0 0 0 0 1 0 1 0 1 
1 0 1 1 1 0 0 0 0 0 0 0 0 0 0 0 0 1 1 0 0 1 1 0 0 1 1 1 0 1 
0 0 0 0 0 0 0 0 1 0 0 0 1 0 1 1 0 1 1 1 0 0 1 0 1 1 0 1 0 0 
0 0 1 0 0 1 1 0 1 1 0 1 1 1 1 1 0 1 0 0 1 1 1 1 0 0 1 0 1 0 
0 1 0 0 1 1 0 0 0 0 1 0 1 0 0 1 0 0 0 1 0 1 0 0 0 0 0 1 0 1 
0 0 0 0 0 1 0 1 1 1 1 0 1 1 0 0 1 1 0 1 1 0 1 1 0 1 0 0 0 0 
0 1 0 0 0 1 0 0 1 0 1 0 0 0 0 1 0 1 0 1 0 0 1 0 0 0 0 1 1 0 
0 0 1 1 0 0 0 0 1 1 1 0 0 1 1 0 0 0 0 0 0 1 1 0 1 0 0 1 1 1 
0 1 1 0 0 1 0 0 1 1 1 1 0 0 0 0 0 0 0 1 1 0 0 0 1 1 0 0 0 1 
1 1 0 1 0 0 1 0 1 1 0 1 0 1 1 0 0 0 0 1 1 0 1 1 1 1 1 1 0 0 
0 0 0 0 1 0 1 1 0 1 1 1 1 0 0 0 1 1 0 0 0 0 1 1 0 0 0 0 0 0 
1 0 1 0 1 1 0 0 1 0 0 1 0 1 0 0 1 1 1 0 1 0 0 0 0 1 0 0 1 1 
0 1 0 0 1 0 1 1 0 0 1 0 0 0 0 0 0 0 1 1 1 0 0 0 0 1 1 0 0 1 
1 1 0 0 1 0 0 0 0 1 0 1 0 0 0 1 0 1 0 1 0 0 0 1 0 0 1 1 0 1 
0 1 1 1 1 0 1 0 1 1 0 1 1 0 0 0 1 1 1 0 0 0 0 0 0 1 1 0 1 1 
1 1 0 1 0 0 1 0 0 0 1 0 1 1 1 0 0 0 0 1 1 1 0 1 1 1 1 0 1 0 
0 0 0 1 0 0 0 1 1 1 1 1 0 0 1 1 0 1 1 1 1 1 1 0 1 1 0 0 1 0 
1 0 0 1 1 0 0 1 1 1 1 1 0 1 0 1 0 0 1 1 1 0 0 1 1 0 0 0 1 1 
1 1 1 0 1 0 1 1 0 1 1 1 1 1 1 1 1 1 1 0 0 0 1 1 1 1 1 0 0 1 
0 0 0 1 1 1 0 1 1 0 1 1 1 1 0 1 0 0 1 1 0 0 1 1 1 0 0 0 1 0 
0 1 0 1 1 0 1 1 0 0 1 0 0 0 1 1 1 1 1 0 0 0 0 0 0 1 1 0 0 0 
1 1 0 0 0 0 1 1 0 1 0 0 1 1 1 1 0 0 1 1 1 0 0 0 0 0 1 0 1 1 
0 1 1 0 1 1 1 1 1 1 0 1 0 1 0 0 0 0 0 1 1 1 0 0 1 0 1 0 0 1 
1 1 0 1 0 0 1 1 0 1 0 0 0 1 0 0 1 0 0 1 1 0 0 1 0 1 0 1 0 1 
0 1 1 1 1 0 0 0 1 1 0 0 0 0 1 0 1 0 1 1 0 1 0 1 0 0 0 1 0 1 
1 0 1 0 1 0 0 0 1 1 1 1 1 0 0 0 0 1 1 1 1 0 0 0 0 1 0 1 0 1 
1 1 0 1 1 1 1 1 1 1 0 1 0 0 0 1 0 0 1 0 1 1 0 0 1 1 1 0 0 0 
1 1 0 1 1 0 1 0 0 1 1 1 1 0 1 0 0 1 0 0 0 1 1 0 1 0 0 1 0 0 
0 0 0 0 1 1 0 1 0 0 0 1 0 1 0 0 0 1 1 0 1 1 1 1 0 1 1 1 1 0 
1 1 0 0 1 1 1 1 0 1 0 1 0 0 1 0 1 0 0 0 0 0 1 0 1 0 0 0 1 0 
1 1 0 1 0 0 1 0 0 1 0 0 0 0 0 0 0 1 0 0 0 0 0 1 1 0 0 1 1 1 
0 0 0 0 0 0 1 1 1 1 0 1 0 1 1 0 1 0 0 0 1 1 1 1 1 0 0 1 1 0 
0 1 0 0 1 0 1 0 0 1 1 1 1 0 1 0 1 1 1 0 0 1 0 1 0 1 0 0 1 1 
1 1 0 0 0 1 0 0 0 1 1 0 0 0 0 1 0 0 1 1 0 0 1 0 0 0 0 1 0 0 
0 0 1 0 1 1 0 1 0 1 1 1 1 0 1 1 1 0 1 1 0 1 0 0 1 1 0 1 0 0 
1 1 1 0 1 0 1 0 0 0 0 0 0 1 1 1 1 1 0 0 1 1 1 1 1 1 0 1 0 0 
1 1 1 1 1 1 0 0 1 1 0 1 1 0 0 1 1 0 0 1 0 0 0 0 0 0 0 1 1 0 
0 1 0 1 1 1 0 0 0 1 1 1 0 1 0 1 1 1 1 1 1 1 0 1 0 1 1 0 0 0 
1 0 0 1 0 1 0 0 1 0 1 0 1 0 0 1 1 0 1 1 0 0 0 0 0 1 0 0 0 1 
1 0 1 0 0 1 0 0 1 1 0 0 0 1 1 0 0 1 0 0 1 1 0 1 0 0 0 1 0 0 
0 0 0 1 0 0 1 0 1 1 1 0 0 1 1 1 1 1 1 1 0 1 0 0 1 1 1 1 0 0 
1 1 1 0 0 1 0 1 1 1 1 1 1 1 0 1 0 1 1 1 0 1 1 0 1 1 0 1 0 0 
