50 30 7
320.0 184.0 307.0 149.0 231.0 256.0 341.0 220.0 142.0 251.0 183.0 213.0 310.0 257.0 290.0 271.0 265.0 198.0 333.0 351.0 313.0 240.0 192.0 233.0 274.0 217.0 186.0 287.0 229.0 261.0 303.0 303.0 191.0 130.0 272.0 217.0 237.0 269.0 180.0 288.0 268.0 315.0 279.0 191.0 343.0 282.0 265.0 308.0 249.0 173.0 
4.0 3.1 4.0 2.6 3.7 3.2 3.3 3.6 4.8 3.5 4.0 3.6 3.5 1.6 4.8 2.3 3.1 4.0 3.6 3.2 2.7 4.2 2.2 3.0 3.5 2.4 5.0 2.8 3.8 3.9 
0 1 0 0 1 0 0 1 1 0 0 1 1 1 0 1 0 0 1 0 1 1 1 1 1 1 1 1 0 0 
1 1 0 0 0 0 0 0 0 0 0 1 0 0 1 1 0 1 0 0 0 0 1 0 0 0 0 0 1 0 
0 0 1 0 1 0 0 0 0 0 1 1 1 0 0 1 1 0 0 0 0 0 1 0 0 1 1 1 1 1 
1 0 0 1 1 0 0 1 1 0 0 0 1 0 0 0 1 0 0 1 0 1 1 1 1 1 1 1 1 0 
1 1 1 0 1 0 0 0 1 1 1 0 1 1 0 0 0 0 1 1 1 0 0 1 1 1 1 0 1 0 
1 1 1 0 0 0 1 1 1 0 1 1 0 1 0 1 1 1 0 0 0 1 1 0 1 0 0 1 1 1 
0 1 0 0 1 1 1 0 1 1 0 1 1 1 0 1 1 0 0 1 0 1 0 1 0 0 1 1 0 1 
1 1 1 1 0 1 1 1 0 1 1 0 0 0 1 0 0 0 1 0 0 1 0 0 1 0 0 0 0 0 
0 0 1 0 1 1 0 0 1 1 1 1 1 1 0 1 0 0 0 0 1 1 1 0 0 0 0 1 1 0 
0 1 1 1 1 0 0 1 0 1 0 1 0 1 0 1 1 0 0 1 1 1 0 0 1 1 1 0 0 0 
0 1 0 0 1 1 0 0 0 0 0 0 0 1 0 1 1 1 1 1 1 1 1 0 1 0 1 1 1 0 
1 0 0 1 0 0 1 0 1 0 1 1 1 0 0 1 1 1 0 0 1 1 0 1 1 0 0 0 1 0 
1 1 1 1 0 1 0 1 1 0 1 0 0 0 1 1 0 1 0 1 1 1 0 1 1 0 0 0 1 0 
0 0 0 1 1 0 1 1 0 0 1 0 0 0 1 1 0 0 0 0 0 0 0 0 1 1 0 1 1 0 
1 1 1 1 0 0 0 0 0 1 0 1 1 0 1 0 1 0 1 0 1 0 1 0 1 0 0 1 1 0 
1 0 0 0 1 0 0 1 0 1 0 1 0 1 1 1 1 0 0 1 1 1 1 0 1 0 1 0 1 0 
1 0 1 0 0 0 0 1 1 0 0 1 1 0 1 1 0 1 1 1 0 0 0 1 1 0 1 0 1 0 
1 0 0 0 1 1 1 0 0 0 0 0 1 1 1 1 1 0 1 0 0 1 1 1 1 0 0 1 0 1 
1 0 1 1 0 0 1 1 0 0 1 1 1 1 1 1 1 0 0 0 1 1 0 0 1 1 1 0 0 0 
1 1 0 1 1 0 1 1 1 0 0 0 1 0 1 1 0 0 1 1 1 0 0 0 1 1 1 0 0 0 
0 1 0 0 1 1 0 0 1 0 1 1 0 0 0 1 1 1 1 0 0 1 0 0 0 0 1 1 1 0 
0 1 0 1 0 0 1 1 0 1 1 0 0 0 0 1 1 1 1 0 0 0 1 0 0 0 0 0 0 1 
0 0 1 0 1 0 0 1 1 0 0 1 1 0 0 0 1 1 1 0 1 1 0 1 1 0 0 0 0 1 
0 0 1 1 1 0 0 1 0 1 1 0 0 1 0 0 0 1 1 1 0 1 0 0 0 0 0 1 0 0 
1 0 0 1 1 0 0 0 1 0 1 1 1 1 0 1 0 1 0 1 1 1 1 0 0 1 0 0 1 1 
0 1 0 0 0 1 0 1 0 0 0 1 0 0 1 0 1 1 0 0 0 0 0 0 1 1 0 0 1 0 
1 1 0 0 1 1 1 0 1 0 0 0 0 0 0 1 0 1 1 0 1 0 1 1 1 1 0 0 1 0 
1 1 0 1 1 0 1 1 0 0 0 1 1 1 1 0 1 0 1 0 0 0 0 0 1 0 1 1 0 0 
0 0 0 0 0 1 1 0 0 1 1 1 1 0 1 1 0 1 0 1 1 0 0 0 0 0 0 0 1 1 
0 1 1 1 0 0 0 1 0 0 0 1 1 0 0 0 1 1 0 0 1 1 1 1 1 1 1 0 1 1 
0 0 1 0 0 0 0 1 0 0 1 0 0 0 1 0 0 0 0 1 0 0 0 0 0 0 0 1 1 0 
1 0 1 1 0 0 1 1 0 0 1 0 1 1 0 0 0 1 1 0 0 0 1 1 0 0 0 1 1 1 
1 0 0 0 0 0 1 0 1 0 0 1 0 0 1 0 0 0 0 1 0 0 1 0 0 1 0 0 1 0 
0 1 0 1 1 1 0 0 0 0 1 0 0 1 0 0 0 1 1 1 1 0 0 1 0 1 1 0 1 1 
0 0 0 1 0 0 1 1 1 1 1 0 1 1 1 0 1 0 0 1 0 1 0 1 1 0 1 0 0 1 
1 0 1 0 0 1 1 0 0 0 0 0 1 0 0 1 1 1 1 1 1 1 1 1 0 0 1 1 1 0 
0 1 1 0 0 1 1 0 0 1 1 0 0 0 1 1 1 1 0 1 0 1 1 0 0 1 0 0 0 0 
1 1 1 0 1 0 0 1 0 0 1 1 0 1 0 0 0 1 0 1 0 1 0 0 1 0 1 1 1 0 
0 0 1 0 1 1 1 1 1 0 0 1 1 0 0 0 1 0 1 0 1 0 1 1 0 0 1 1 1 1 
0 0 1 0 1 1 1 0 1 0 0 0 0 1 1 0 0 0 0 0 0 1 0 1 0 0 0 0 1 1 
0 1 0 0 0 0 0 1 1 0 0 1 1 0 1 0 1 1 1 0 1 0 1 1 1 0 0 0 0 1 
0 0 1 0 1 1 0 1 0 1 0 0 1 1 1 0 1 0 0 1 1 0 0 0 0 0 1 1 1 1 
1 0 1 1 1 1 1 1 1 0 0 0 0 0 0 1 0 0 1 1 0 1 1 1 1 1 1 1 1 0 
1 0 0 1 0 0 0 0 1 1 0 1 1 0 0 0 0 1 0 0 1 0 0 1 0 1 1 0 0 1 
1 0 1 1 0 0 1 1 1 1 1 0 1 0 0 1 0 1 1 1 1 0 1 0 0 1 1 0 0 0 
1 1 1 0 1 0 1 1 1 1 0 1 1 1 1 1 0 0 1 1 0 0 0 1 0 1 0 1 0 0 
1 1 1 1 1 0 1 1 1 0 1 1 0 1 1 1 1 0 0 1 0 0 0 1 0 0 0 1 0 0 
0 0 0 1 1 0 0 0 1 0 1 1 1 0 0 0 1 1 1 1 0 1 1 0 0 1 0 1 0 0 
0 0 0 1 0 1 0 1 0 0 0 1 0 1 0 0 0 0 0 0 0 0 1 0 1 1 0 1 0 0 
1 0 1 1 1 0 0 1 0 0 1 1 1 1 1 1 1 1 1 0 0 0 0 1 0 0 1 0 0 0 
