50 50 7
282.0 241.0 297.0 251.0 363.0 257.0 350.0 229.0 251.0 305.0 249.0 249.0 244.0 264.0 233.0 278.0 188.0 253.0 260.0 283.0 227.0 246.0 273.0 239.0 197.0 290.0 265.0 223.0 223.0 196.0 244.0 243.0 308.0 283.0 248.0 228.0 285.0 279.0 243.0 233.0 329.0 239.0 228.0 188.0 259.0 307.0 248.0 216.0 316.0 283.0 
2.6 4.8 3.1 3.4 2.5 3.1 2.5 4.6 4.7 3.0 3.8 4.6 4.7 4.3 2.2 3.9 4.6 3.5 4.0 2.8 4.3 2.1 1.7 3.0 3.3 2.5 2.8 5.4 2.6 3.8 2.7 2.6 2.6 3.3 4.2 2.6 3.8 2.7 3.9 2.6 4.0 4.9 3.0 3.5 4.4 4.1 4.1 2.2 2.3 3.7 
1 1 1 0 1 1 0 0 0 0 1 1 0 0 0 1 0 1 1 1 0 0 1 1 1 1 1 0 0 0 1 0 0 1 0 1 1 0 1 0 0 0 0 0 1 1 0 1 1 1 
1 1 0 0 0 1 0 0 0 1 1 0 0 0 1 1 0 0 0 0 0 0 1 0 0 1 1 0 0 0 0 1 0 0 1 1 0 0 1 1 0 1 1 0 1 0 0 1 1 1 
0 0 1 0 1 0 1 0 0 0 1 0 0 0 0 1 1 1 0 1 0 0 0 1 0 0 0 0 1 0 0 0 1 1 0 0 1 0 1 1 1 1 0 0 1 1 0 1 0 1 
0 0 1 0 0 1 0 0 1 1 1 1 1 0 1 0 0 1 0 0 1 0 0 0 1 0 1 1 0 1 0 0 0 1 1 0 1 1 1 0 0 0 1 0 1 1 0 1 0 1 
1 1 0 0 0 0 1 1 0 1 1 1 1 1 0 1 1 0 1 1 1 0 1 0 1 1 0 1 0 1 1 1 0 1 1 0 0 0 1 1 0 0 0 0 1 0 0 0 0 1 
0 0 1 0 1 0 0 0 1 1 0 0 0 0 1 1 0 1 1 1 0 0 1 0 0 1 0 0 1 0 1 0 0 1 1 1 1 0 1 0 0 0 1 0 0 0 0 0 1 0 
1 1 0 1 1 1 0 0 0 1 1 0 1 0 0 0 1 1 0 1 0 1 0 1 1 1 1 1 0 0 1 0 0 1 1 1 1 1 0 1 0 1 1 0 1 1 0 0 0 0 
1 0 0 0 0 0 0 0 1 0 0 1 0 1 1 0 1 1 1 1 0 0 0 0 0 1 0 1 0 1 1 1 1 0 1 0 0 0 1 1 0 1 0 0 0 1 1 1 0 0 
0 0 0 1 1 1 1 1 0 0 1 1 0 0 0 0 0 0 0 0 0 0 1 0 0 0 1 0 0 0 0 1 0 1 1 1 1 1 0 0 0 1 0 1 0 1 1 0 0 1 
1 0 0 0 1 1 0 0 0 1 0 0 1 1 0 1 1 1 1 0 1 1 0 1 1 0 0 0 0 1 0 1 1 0 1 1 1 1 0 1 0 1 1 1 0 0 0 1 0 1 
1 1 1 1 1 0 1 1 1 0 1 1 0 0 1 0 0 0 1 0 0 1 0 1 1 1 0 0 1 1 1 1 0 1 0 0 1 0 1 1 1 0 1 0 1 1 1 1 0 0 
1 0 1 1 1 1 0 1 1 1 1 1 0 1 1 1 1 0 1 0 1 1 0 0 1 0 1 0 1 0 1 0 0 0 0 0 1 0 1 1 0 0 1 0 0 1 1 1 0 0 
0 1 1 1 0 0 1 1 0 0 1 0 0 1 0 1 1 0 0 0 0 1 1 1 1 1 1 1 0 1 0 1 0 1 0 0 1 1 1 0 0 0 1 1 0 0 1 0 0 1 
0 0 0 1 0 0 0 0 1 1 1 0 1 1 1 0 1 1 0 0 1 0 0 1 1 1 0 0 1 0 1 1 1 0 0 0 0 0 0 0 1 1 0 1 0 0 1 0 0 1 
0 1 0 0 0 0 1 1 1 1 1 1 0 1 1 1 0 0 1 0 0 0 1 1 0 1 0 1 0 1 1 1 1 1 0 0 1 0 0 0 0 1 0 0 1 0 1 0 0 1 
1 1 0 1 0 1 0 0 1 1 0 1 0 1 1 1 0 1 1 1 0 1 0 1 1 0 0 0 1 0 0 0 1 0 0 1 0 1 0 0 1 1 1 1 0 0 0 1 0 1 
0 1 1 0 0 0 0 1 1 0 0 0 1 1 0 0 1 1 0 1 0 0 1 1 0 0 0 0 0 1 1 1 1 1 1 1 1 0 0 0 1 0 1 0 0 0 0 1 1 1 
1 1 1 0 1 1 0 0 0 0 1 0 1 0 1 0 0 0 1 1 0 1 1 0 0 0 1 1 1 1 0 1 1 1 1 1 1 0 1 1 0 1 1 1 1 0 1 1 1 1 
1 1 1 0 1 1 0 0 1 0 1 0 1 1 1 1 0 0 1 0 0 0 1 1 1 1 1 1 1 0 1 1 1 0 0 0 1 0 1 0 1 0 0 1 1 0 0 0 0 0 
1 0 1 1 0 1 1 1 1 0 0 1 0 1 1 0 0 1 0 0 1 0 0 0 0 1 1 1 0 1 0 0 0 0 1 0 1 1 1 0 0 1 0 0 1 1 1 1 1 1 
0 0 1 1 0 0 0 1 0 1 1 0 0 1 1 0 0 0 0 0 1 1 1 0 0 0 1 0 0 1 1 0 1 0 1 0 0 0 1 0 0 0 0 1 0 1 1 0 0 1 
0 1 1 0 0 0 1 0 0 1 1 1 1 1 0 1 1 0 1 0 0 0 1 1 0 0 0 1 1 0 1 1 1 1 0 0 0 1 1 1 0 1 0 0 0 1 1 0 1 0 
1 1 0 1 1 0 0 1 1 1 0 0 0 1 0 0 1 0 1 0 1 1 1 0 1 1 1 0 0 1 0 1 1 1 0 1 1 0 1 0 0 1 1 0 1 1 1 0 0 0 
0 0 0 0 0 1 0 0 0 0 1 1 1 1 1 1 1 0 1 0 0 1 0 1 0 0 1 0 1 0 1 0 0 0 1 0 0 0 1 1 1 1 1 0 1 0 1 0 1 0 
0 1 1 1 0 1 0 1 1 1 0 0 1 1 0 1 0 0 0 0 0 1 1 1 1 0 1 1 0 1 0 1 0 0 1 1 1 0 1 1 0 1 0 0 1 1 1 1 0 0 
1 0 1 0 1 0 0 1 0 0 0 0 1 0 1 1 1 0 0 0 0 1 0 1 0 1 1 1 1 0 0 0 0 0 0 1 0 0 1 1 1 1 1 0 0 0 0 1 0 0 
1 1 0 1 0 0 1 1 0 1 0 1 0 0 0 1 1 0 0 1 0 1 0 1 0 1 1 1 1 1 1 0 1 1 0 1 1 0 1 0 1 1 1 1 0 0 0 1 1 0 
1 1 0 1 0 1 1 0 1 1 0 0 1 1 1 1 1 0 0 0 1 0 0 0 0 1 0 1 1 1 0 1 1 1 0 0 0 1 0 1 0 0 0 0 0 1 0 1 0 0 
1 1 1 1 1 0 0 0 1 1 0 1 0 0 1 0 0 1 1 1 0 0 0 0 1 0 0 0 1 0 0 0 1 1 0 1 0 1 1 0 1 1 0 1 1 1 1 0 0 0 
1 0 1 1 0 0 1 1 1 1 1 0 0 1 0 1 1 0 0 0 0 1 0 0 0 1 1 0 1 0 0 1 0 0 1 0 0 1 1 0 1 0 0 1 1 0 0 1 1 1 
0 1 0 0 0 1 1 0 1 1 0 0 1 0 0 1 1 1 0 1 0 0 1 1 0 1 0 0 1 1 1 1 1 1 0 0 0 1 1 0 1 0 1 0 1 0 1 0 1 0 
0 1 1 0 0 1 0 0 0 0 0 0 1 1 1 0 1 1 0 0 0 1 0 0 1 1 0 0 0 1 1 1 0 0 1 0 0 1 1 0 1 0 0 1 0 0 1 0 1 0 
0 0 1 0 0 1 1 1 0 0 1 0 0 0 0 1 0 0 0 0 1 0 1 0 0 1 0 0 0 1 1 1 1 0 0 1 1 0 1 0 1 1 0 1 1 0 0 0 1 0 
0 0 1 1 0 0 0 0 1 1 0 1 0 0 1 0 1 0 1 1 1 0 1 0 1 1 0 1 0 1 0 0 0 1 0 1 1 1 0 1 0 1 0 0 0 1 1 0 1 1 
1 0 0 1 0 1 0 0 0 0 1 1 1 1 0 0 0 0 1 0 1 1 0 0 1 0 1 1 1 0 1 0 0 0 0 1 1 0 0 0 1 0 0 0 0 1 1 1 0 1 
0 1 0 0 0 1 1 0 0 0 1 0 1 1 1 1 1 1 0 0 0 1 0 0 1 1 0 0 1 0 1 0 1 0 0 1 1 0 1 0 1 1 0 0 1 0 0 1 0 0 
0 0 0 0 0 1 0 1 1 0 0 1 1 1 0 0 1 1 0 1 0 1 1 1 1 0 0 1 1 1 0 1 1 1 1 1 1 0 1 1 1 1 1 0 0 0 0 1 0 1 
1 0 1 1 0 1 0 0 1 0 0 0 0 1 0 1 1 1 0 1 1 1 0 1 0 0 1 0 0 1 1 0 1 0 0 1 0 1 0 0 0 1 1 0 1 0 0 1 1 0 
1 1 0 0 1 0 0 1 1 1 1 0 0 1 1 0 0 1 0 0 0 1 0 0 0 1 1 0 0 1 0 0 1 1 1 0 1 1 0 0 0 0 1 0 1 1 0 1 0 0 
1 0 0 1 0 1 0 1 0 1 1 0 1 0 0 0 1 1 0 0 1 1 0 1 1 0 0 1 0 1 0 1 1 1 0 1 1 0 0 0 0 1 0 0 0 1 0 0 1 1 
1 1 1 1 0 0 0 0 1 1 0 1 1 1 1 1 1 1 0 1 1 1 0 1 1 1 1 1 1 0 0 1 0 1 0 0 1 1 0 1 0 0 1 1 0 0 0 1 0 0 
0 1 0 0 0 0 1 0 1 1 1 1 0 0 1 1 1 1 0 0 1 0 1 1 0 1 0 1 1 0 1 0 1 0 0 0 0 1 1 1 1 1 0 0 1 1 1 0 1 0 
0 0 0 1 1 1 0 1 1 1 0 0 0 0 1 0 0 1 0 0 0 1 1 0 0 0 0 1 1 0 0 1 0 0 1 0 1 0 0 0 1 1 1 0 0 0 0 1 0 0 
0 1 0 1 0 0 0 0 0 0 0 0 0 0 1 1 0 1 1 1 1 1 1 0 0 0 0 0 1 1 0 1 0 0 0 1 1 1 1 1 0 0 0 0 0 1 1 0 1 1 
0 1 0 0 0 0 0 1 1 0 1 1 0 0 0 1 0 1 1 1 1 1 1 1 1 1 1 0 0 1 1 1 0 1 0 1 0 0 1 0 1 0 1 1 0 1 0 1 0 1 
1 0 1 0 0 0 0 1 0 1 0 0 1 0 0 1 1 0 1 1 1 1 1 1 1 0 0 0 1 0 0 1 1 0 1 1 1 0 0 1 1 0 0 0 0 1 0 0 0 1 
0 0 0 0 1 0 0 1 0 0 0 1 0 0 1 1 0 1 0 0 1 0 0 0 0 0 1 0 1 0 0 0 0 1 0 0 1 1 0 0 1 0 1 0 1 0 0 0 1 0 
0 1 1 0 0 0 0 1 1 0 1 0 0 1 1 0 1 0 0 0 1 0 0 1 1 0 1 0 0 0 1 1 0 0 0 0 0 0 1 0 0 1 0 0 1 1 1 0 1 1 
1 0 1 0 1 1 1 1 0 1 1 0 1 1 0 0 1 1 0 1 1 0 0 1 0 0 1 0 0 0 1 1 0 0 1 0 1 0 0 1 0 0 1 1 0 1 1 1 0 1 
1 0 0 1 1 0 1 1 0 1 0 1 0 1 0 1 1 0 0 0 0 1 1 0 1 1 0 0 0 1 1 1 0 1 1 1 1 0 0 1 1 0 1 0 1 1 1 1 1 0 
