50 50 8
342.0 332.0 305.0 211.0 259.0 229.0 189.0 237.0 161.0 181.0 232.0 241.0 254.0 262.0 256.0 182.0 205.0 298.0 258.0 300.0 247.0 229.0 190.0 305.0 281.0 268.0 166.0 230.0 341.0 183.0 221.0 236.0 248.0 229.0 347.0 199.0 249.0 249.0 257.0 278.0 279.0 201.0 272.0 203.0 197.0 222.0 272.0 285.0 241.0 259.0 
1.9 5.2 3.3 2.3 3.2 4.6 3.9 4.4 4.8 4.0 6.3 4.0 3.5 3.4 2.6 3.3 3.3 2.4 4.0 2.7 4.5 3.3 4.3 4.3 2.9 3.3 4.6 2.6 3.9 5.0 4.1 4.3 5.0 4.2 4.3 2.6 4.3 2.6 2.5 5.7 4.6 3.9 2.8 4.5 3.7 3.8 3.4 3.5 4.3 3.3 
0 1 1 1 0 0 0 0 1 0 0 0 0 0 0 0 0 1 1 0 0 0 1 0 1 0 0 0 1 1 0 1 0 0 0 0 0 0 1 0 1 1 1 0 1 0 1 1 0 0 
1 1 0 0 0 0 1 1 0 1 1 0 1 1 1 1 0 1 0 1 0 0 1 1 1 0 0 0 1 1 1 1 1 1 0 1 1 0 1 1 1 0 1 0 1 0 0 1 1 0 
1 1 1 1 1 1 1 0 1 1 0 1 1 0 1 1 0 1 1 0 1 0 1 1 1 0 0 1 1 1 1 0 1 1 0 0 1 1 1 0 0 0 1 1 0 1 1 1 1 1 
0 1 1 0 1 0 1 1 0 0 0 0 0 0 1 0 0 1 1 0 1 0 0 0 1 1 0 1 0 0 1 1 1 0 1 1 0 1 1 0 0 0 1 0 0 0 1 0 1 1 
0 0 0 0 1 1 1 0 1 0 1 0 0 1 0 0 0 0 1 0 0 0 0 1 1 0 0 1 1 0 0 1 1 1 1 0 1 0 0 0 0 0 0 1 1 0 0 0 1 1 
0 0 0 0 0 1 0 0 0 0 1 1 0 0 1 1 0 0 0 1 0 1 0 1 0 1 0 0 0 0 0 1 1 1 0 0 0 1 0 0 1 0 1 0 0 1 1 1 0 1 
0 1 1 1 0 0 1 1 0 0 1 1 1 0 1 1 0 0 1 0 0 0 0 0 1 1 1 1 0 0 1 0 1 1 1 1 0 0 0 1 0 0 0 0 0 0 0 0 1 1 
1 1 1 0 0 0 0 0 1 0 0 0 0 0 1 1 1 0 1 0 0 1 1 0 0 0 0 1 0 1 0 1 0 0 1 0 0 1 0 1 0 1 1 0 0 1 1 1 0 1 
1 0 0 0 0 1 0 0 0 0 0 1 0 0 1 1 0 0 0 0 0 0 0 1 0 0 0 0 0 1 1 1 1 0 0 1 1 0 0 1 1 1 0 1 0 1 1 0 0 0 
1 1 0 0 0 0 0 1 1 1 1 0 1 1 1 0 0 1 0 0 0 0 1 1 0 1 1 1 0 1 0 1 1 1 0 0 1 0 1 0 0 1 1 0 0 0 0 0 1 0 
0 1 0 1 1 1 1 1 0 0 1 1 0 1 1 0 0 1 0 1 1 0 1 0 0 1 0 1 1 1 0 1 1 1 1 0 0 0 1 0 1 0 1 1 1 1 1 0 1 1 
0 1 1 0 1 1 0 0 1 1 0 0 0 0 1 1 0 1 1 1 0 1 1 1 1 1 1 0 1 1 0 1 0 1 1 1 1 0 0 1 1 0 0 1 1 0 0 0 0 0 
1 0 0 1 0 0 1 0 0 0 1 1 0 1 0 0 1 0 1 1 1 0 0 1 0 1 1 1 0 0 1 0 0 1 0 0 0 1 0 0 0 0 1 1 0 1 1 0 1 0 
1 0 0 1 0 1 1 1 0 0 0 1 1 0 0 1 0 1 0 1 0 0 1 0 1 1 1 1 0 0 0 1 1 0 1 0 0 0 1 0 1 1 0 1 1 0 1 0 0 1 
0 1 1 0 1 0 1 1 1 0 0 1 1 0 1 1 0 0 0 1 1 1 0 1 1 1 0 0 1 1 0 0 0 1 1 1 1 0 1 1 0 1 1 0 0 1 1 1 0 1 
1 1 1 1 0 1 0 0 0 0 0 0 0 0 1 1 1 1 0 0 1 0 1 1 1 0 1 0 1 0 1 1 1 0 0 0 0 1 1 1 1 1 1 0 0 0 1 1 1 1 
0 0 1 1 1 1 0 1 1 1 0 1 1 1 0 0 1 1 1 0 0 0 0 0 0 1 0 1 1 1 0 1 1 0 0 0 0 0 0 1 0 0 0 0 1 0 0 1 1 0 
0 0 0 0 0 0 0 0 1 0 1 0 1 0 1 1 0 0 1 1 0 1 1 0 0 1 1 1 1 1 0 0 0 1 0 0 0 0 0 0 0 0 1 0 1 0 0 1 1 1 
0 0 0 1 1 0 0 0 0 0 1 0 0 1 1 1 1 0 0 0 1 0 1 0 1 0 0 1 1 1 1 0 1 1 1 0 0 0 0 1 1 0 1 0 1 0 1 0 1 0 
0 1 0 1 0 0 1 0 1 0 0 0 0 0 0 0 0 0 0 1 1 0 1 0 1 1 0 0 1 1 0 0 1 0 1 0 1 1 0 1 0 1 0 1 1 0 1 1 1 1 
1 1 1 0 1 1 1 0 1 0 1 1 1 1 1 1 0 0 0 0 1 0 1 0 1 0 1 0 0 0 1 1 1 0 0 0 1 1 1 1 1 1 1 0 0 1 1 0 0 1 
0 0 1 1 1 1 0 0 0 0 0 1 1 0 0 0 1 1 1 0 1 1 0 0 1 1 1 0 1 1 1 1 1 1 1 0 1 0 0 0 0 0 0 0 0 1 0 1 0 1 
0 1 1 1 0 1 1 0 0 0 1 1 0 1 1 0 0 0 1 0 0 0 1 1 1 0 0 1 0 1 0 1 0 1 0 1 0 0 1 0 0 1 1 1 0 1 1 0 1 1 
0 1 1 1 1 0 0 0 0 0 1 1 1 0 0 0 1 0 0 0 1 0 1 1 1 0 0 0 1 1 0 0 1 0 0 0 1 0 1 0 0 0 1 1 0 1 0 0 0 1 
1 1 0 1 1 0 1 0 1 1 1 1 0 1 0 0 0 0 0 0 1 0 0 0 0 0 1 0 1 1 0 1 0 1 0 0 1 1 0 1 0 1 1 0 0 0 0 0 0 0 
1 0 0 1 0 1 0 0 1 1 0 1 0 0 1 1 0 1 0 0 1 0 1 1 1 1 1 1 0 1 1 1 0 0 1 0 0 1 1 0 0 0 1 1 1 0 1 0 1 0 
1 0 1 1 0 0 1 0 1 1 0 1 1 0 0 0 0 0 1 1 1 0 1 0 1 0 0 0 1 1 0 0 0 0 1 0 0 0 0 0 1 1 1 1 0 0 0 1 0 1 
1 0 0 0 1 0 1 1 1 0 0 1 0 0 1 0 1 1 0 0 1 1 1 1 1 1 0 1 1 0 0 1 1 0 1 1 1 1 1 1 0 1 1 1 1 0 0 0 0 1 
1 1 1 0 0 0 0 0 0 1 1 1 0 1 1 0 1 0 1 0 0 0 1 1 1 0 1 1 0 1 0 0 0 0 0 1 1 1 0 1 0 0 0 1 0 1 1 1 0 1 
0 1 0 1 0 0 0 1 1 1 0 0 1 1 0 0 0 1 1 0 0 0 1 1 0 0 0 0 1 1 0 0 1 1 1 1 1 1 0 1 1 0 0 0 1 1 1 1 0 0 
1 1 1 1 0 0 1 1 1 0 1 1 0 0 1 0 0 0 0 1 1 1 0 0 0 0 1 0 1 0 0 0 1 0 0 0 0 1 1 0 0 1 1 0 1 1 0 1 0 0 
1 1 0 1 1 0 0 0 1 0 1 0 0 0 0 0 0 1 1 0 1 0 0 1 1 0 0 0 1 0 1 1 0 0 1 1 1 0 1 0 0 1 0 1 0 0 1 1 1 0 
0 0 1 1 0 0 0 0 0 0 0 0 1 0 0 0 1 0 0 1 1 1 0 1 0 0 1 0 1 1 0 1 0 1 1 1 1 0 0 1 1 0 1 1 0 0 0 1 0 1 
0 0 1 1 1 1 0 1 0 0 0 0 0 0 0 0 0 0 0 0 1 1 1 0 1 1 0 1 0 0 1 1 0 1 0 1 1 1 0 0 1 0 0 1 1 1 0 0 0 0 
0 0 1 1 1 1 0 1 1 1 1 0 1 0 0 0 1 0 0 0 1 1 0 1 1 0 0 1 0 1 1 1 1 0 0 1 0 1 0 1 1 0 1 1 1 0 1 1 1 0 
1 1 1 0 0 0 0 1 1 0 0 0 1 1 1 0 0 0 1 0 0 0 0 1 1 0 1 0 1 1 1 0 0 1 1 0 0 1 0 1 1 0 1 1 1 0 0 1 0 1 
1 0 1 1 0 0 0 0 1 0 1 1 1 1 0 1 1 0 1 1 0 1 1 1 1 0 0 1 0 0 1 0 1 0 1 1 0 0 0 1 0 0 1 1 0 1 0 0 0 0 
1 0 1 0 1 1 1 1 0 0 0 1 1 0 0 0 1 0 1 0 1 1 0 0 0 0 1 1 1 1 0 0 0 0 1 0 0 0 0 1 1 0 0 1 0 0 1 1 0 0 
0 0 0 0 1 1 0 1 1 0 1 1 1 1 0 0 1 1 1 0 0 1 1 0 1 1 1 0 0 1 0 1 0 0 1 0 1 0 1 0 0 0 1 1 1 0 1 1 1 1 
0 0 1 0 1 1 0 1 1 0 1 0 1 1 0 0 0 1 1 0 0 1 0 0 1 0 0 1 1 1 0 0 0 1 0 1 0 1 1 0 0 0 1 0 1 0 1 1 0 0 
1 0 1 1 1 0 0 1 1 1 0 0 0 0 1 1 1 0 0 0 0 1 0 0 0 0 1 1 1 1 1 0 0 0 1 1 0 0 0 0 1 0 1 1 1 0 0 0 0 0 
1 0 0 0 1 1 0 1 0 0 0 0 0 0 0 1 0 0 0 0 1 0 0 1 0 1 0 0 1 0 0 0 1 0 0 1 0 0 1 1 1 1 0 0 1 1 0 1 0 1 
1 1 1 1 1 1 0 1 0 0 1 0 0 0 0 0 0 0 1 1 0 0 0 0 1 0 1 1 1 0 1 0 1 0 1 0 0 1 1 1 1 1 0 0 0 0 0 0 1 0 
1 0 1 1 1 0 0 0 1 1 1 1 0 0 1 1 0 0 1 1 0 1 0 1 0 1 0 1 1 0 1 1 0 1 0 1 1 0 1 1 0 1 0 0 1 1 0 0 1 0 
1 0 1 0 1 0 1 0 0 0 0 1 1 1 0 0 0 0 1 0 1 0 0 0 0 0 1 1 0 1 0 0 1 1 1 1 1 1 1 1 1 1 0 0 0 0 1 1 1 0 
1 0 1 0 0 0 1 0 1 0 0 1 1 1 1 0 0 0 1 0 0 1 0 1 1 1 1 1 0 1 0 0 1 1 1 1 0 0 1 0 1 0 1 0 0 1 0 1 1 0 
0 0 1 1 0 1 0 0 0 0 1 0 0 1 1 0 1 1 0 0 1 1 0 0 1 1 1 1 0 1 0 1 0 1 0 1 1 0 0 1 0 1 0 0 0 1 1 1 1 0 
0 1 1 0 1 1 1 0 0 0 0 0 0 1 0 0 0 1 0 0 1 1 0 0 0 0 0 0 0 1 0 0 1 0 0 0 1 1 1 0 1 0 0 1 1 1 0 1 0 1 
0 1 0 1 0 1 0 1 0 0 0 0 0 1 1 1 0 1 0 1 0 1 1 0 1 1 1 1 0 0 1 0 0 1 0 1 1 1 1 0 1 1 0 0 0 0 1 0 1 1 
1 1 1 0 0 0 1 1 0 0 0 1 1 0 0 1 0 1 0 0 1 0 1 0 0 0 1 0 1 1 1 0 1 0 0 1 0 0 1 1 1 1 1 1 0 0 0 1 0 1 
