50 90 8
244.0 343.0 295.0 190.0 200.0 277.0 235.0 201.0 268.0 322.0 249.0 219.0 319.0 203.0 154.0 273.0 240.0 236.0 306.0 366.0 201.0 320.0 246.0 274.0 293.0 180.0 206.0 194.0 248.0 194.0 221.0 230.0 259.0 180.0 246.0 200.0 163.0 235.0 134.0 309.0 261.0 303.0 258.0 252.0 199.0 260.0 269.0 251.0 277.0 255.0 
4.5 4.6 4.0 3.8 4.4 3.2 5.7 4.9 3.1 3.3 3.9 3.1 5.2 3.8 5.7 4.9 3.0 4.0 3.8 3.4 2.4 5.0 5.1 3.8 3.7 3.2 5.2 5.3 3.9 4.7 4.7 3.6 3.4 4.2 4.9 4.6 3.8 3.5 5.9 4.6 5.0 4.2 3.1 5.9 4.0 4.2 2.9 5.2 3.2 4.4 5.3 4.3 4.5 4.2 3.6 4.2 4.2 4.8 2.2 4.8 5.2 5.2 3.4 2.6 3.5 3.9 2.6 4.7 4.0 3.4 4.2 3.8 3.7 4.4 3.7 5.5 4.7 4.8 3.9 4.6 3.9 3.0 5.1 4.6 2.7 4.5 4.1 4.3 4.2 2.9 
0 0 1 1 1 0 1 0 0 1 1 0 1 0 1 1 1 1 0 1 0 0 0 1 0 1 1 1 0 0 0 1 1 0 1 1 0 0 0 0 1 0 1 1 0 0 1 1 0 1 0 1 1 1 1 0 1 1 1 0 1 1 0 1 1 1 1 1 0 1 1 1 0 1 0 1 1 1 1 0 0 0 0 0 1 0 1 0 1 1 
0 1 0 1 0 0 1 0 1 1 1 0 0 0 0 1 0 0 1 0 1 0 0 1 1 1 0 1 0 0 0 1 0 0 1 0 1 1 1 1 0 1 0 1 1 0 1 1 1 1 0 1 0 1 0 0 0 1 0 0 0 1 0 1 1 1 0 1 1 1 1 1 0 1 0 1 0 0 0 1 1 0 0 0 1 1 0 1 0 0 
1 1 0 0 0 0 0 0 0 1 0 0 1 0 1 0 1 1 1 0 1 1 1 1 1 1 0 1 0 1 1 0 0 1 1 1 1 0 1 0 0 0 1 1 0 0 1 1 1 0 1 1 1 1 1 1 0 1 0 1 1 0 0 1 1 1 1 1 0 0 1 1 1 1 0 1 0 1 1 1 0 1 1 0 1 1 0 0 0 1 
1 1 1 1 0 0 1 1 0 0 1 0 0 0 1 1 1 0 1 0 0 0 1 0 1 0 1 1 1 1 0 1 1 0 0 0 0 0 1 1 1 1 1 0 0 1 0 0 0 0 1 1 1 0 0 0 0 1 0 1 1 1 1 1 1 0 0 0 1 0 1 0 1 1 1 1 1 0 0 1 1 1 1 0 1 1 1 1 0 0 
1 1 0 0 1 1 1 1 0 1 1 1 0 0 0 1 1 0 0 0 0 0 0 0 0 1 0 1 1 1 1 1 0 1 1 1 0 1 0 1 1 1 1 1 1 0 1 0 0 1 0 1 1 0 0 0 1 0 1 1 0 1 0 0 0 1 1 0 1 0 0 1 1 1 0 1 0 1 1 1 0 1 0 0 0 1 0 1 0 0 
0 1 0 0 1 0 0 1 1 0 0 1 0 1 1 1 1 1 0 1 1 1 0 0 0 1 1 0 1 0 0 0 1 0 0 1 0 0 0 1 0 0 1 1 0 1 1 0 1 0 0 0 1 0 1 0 1 0 1 1 0 0 0 1 1 1 0 0 0 0 0 1 0 1 0 0 1 1 1 1 1 1 1 1 0 1 0 1 0 0 
1 1 0 1 1 0 0 1 1 0 0 1 0 0 0 1 0 0 1 0 0 0 0 0 1 1 0 0 1 1 1 0 0 1 1 0 0 0 0 0 1 0 1 0 0 1 1 1 0 0 0 1 1 0 0 1 0 0 0 0 0 0 1 1 0 1 1 1 0 0 0 0 1 1 0 0 0 0 0 1 1 0 1 0 0 0 0 1 0 1 
1 0 1 1 1 1 1 0 1 1 1 1 0 1 1 0 0 1 0 0 1 0 0 0 1 1 0 1 1 0 0 1 1 0 1 0 1 1 0 0 0 0 0 0 0 0 1 0 0 1 0 0 0 1 1 1 0 1 1 0 1 1 0 0 0 1 0 1 0 1 1 0 0 0 0 1 1 1 1 0 0 0 0 0 0 0 1 0 0 0 
1 1 0 0 1 1 1 0 0 0 1 0 0 1 1 1 0 0 1 0 1 1 0 0 0 1 1 1 1 0 1 0 1 0 0 0 1 1 0 1 1 1 0 0 0 0 0 1 1 1 0 0 0 1 0 0 1 0 1 1 0 0 0 1 1 0 1 0 0 0 1 1 1 0 0 1 1 0 1 1 1 0 0 1 1 1 0 1 0 0 
0 1 1 1 0 1 0 1 0 0 0 1 1 1 1 0 0 1 0 0 0 1 1 1 0 0 0 1 1 0 1 0 0 1 1 1 0 1 1 0 0 1 0 1 0 1 0 0 1 1 1 0 1 1 1 0 1 0 1 1 0 0 0 0 0 1 0 1 1 0 0 1 1 0 0 0 1 1 1 0 0 1 0 0 0 1 0 0 1 1 
1 0 1 1 1 1 1 0 1 1 1 0 0 1 1 0 0 0 0 1 1 0 0 1 0 1 1 0 0 1 0 1 1 1 1 1 0 0 0 0 0 1 1 1 1 0 0 1 0 1 1 0 0 1 0 0 0 0 1 1 1 1 1 1 0 1 0 1 0 1 1 0 0 0 0 0 0 1 1 0 0 1 1 1 1 0 1 0 1 0 
0 0 1 1 0 0 1 1 1 0 1 0 1 0 1 1 0 1 0 0 1 0 0 0 1 0 0 0 1 0 1 0 0 1 1 0 0 0 0 1 0 1 1 1 0 0 0 1 0 1 0 0 1 0 0 1 0 1 1 1 1 1 0 1 0 0 1 1 0 1 0 0 0 1 0 1 0 1 1 1 1 1 1 0 1 1 0 1 0 0 
1 0 0 1 1 1 0 0 0 0 0 1 0 0 1 0 1 1 0 0 1 0 1 0 1 0 0 1 0 1 0 0 1 1 0 0 0 1 1 1 1 1 0 1 0 0 1 0 1 0 0 0 1 1 1 0 0 0 0 0 0 1 1 1 1 0 1 0 0 1 1 0 1 1 1 1 1 1 1 0 1 0 0 1 0 0 0 1 1 0 
0 0 0 0 0 1 0 1 0 0 0 0 1 1 1 0 0 0 0 1 1 0 1 1 1 1 1 1 0 0 1 0 1 0 1 1 0 1 1 0 1 0 0 1 0 1 1 1 1 1 1 1 0 0 0 0 0 0 1 0 1 0 0 1 0 1 1 0 1 1 0 1 1 1 1 1 0 0 0 0 0 0 0 0 1 0 0 1 1 0 
1 1 1 1 0 0 0 0 0 0 1 1 0 1 0 0 0 0 0 1 1 0 0 0 0 0 0 0 0 1 1 1 1 0 1 0 0 1 1 1 0 0 0 1 0 0 0 1 1 1 1 0 0 1 1 1 1 0 1 1 1 0 0 1 1 0 1 0 1 1 1 0 0 0 1 0 1 0 1 1 1 0 0 0 0 1 1 1 1 0 
0 1 1 1 1 0 1 0 0 1 1 1 0 1 0 0 0 0 1 1 1 1 1 1 1 0 1 1 1 0 0 0 0 1 1 0 0 1 0 1 0 0 1 0 1 0 0 0 1 1 0 0 0 1 1 0 1 1 1 0 0 1 1 1 0 0 1 1 1 0 1 1 0 0 0 0 0 0 1 1 1 0 0 0 1 0 1 1 0 1 
0 1 1 0 0 1 1 1 0 0 1 1 1 0 1 0 0 1 0 0 1 0 0 0 1 0 1 1 0 1 1 0 0 0 0 1 0 1 0 1 0 0 0 0 0 0 1 1 1 1 0 0 1 0 0 0 1 0 1 1 1 1 0 1 1 1 1 0 0 0 1 1 1 1 0 1 0 0 0 0 1 1 1 1 0 1 0 0 0 1 
1 0 0 1 0 0 1 1 1 1 1 1 1 0 1 0 1 0 1 1 1 1 1 0 0 1 1 0 0 1 0 0 0 1 1 0 0 0 1 1 1 0 1 0 1 0 0 0 0 0 0 1 1 0 1 1 0 0 0 0 0 1 0 1 0 1 1 1 0 0 1 1 0 0 1 1 1 1 1 1 1 1 1 0 0 0 0 1 0 1 
0 1 1 1 1 0 0 0 0 0 1 0 1 0 0 1 0 0 1 0 1 1 0 1 1 1 1 1 1 0 1 1 1 1 0 0 0 1 1 1 0 0 1 1 0 0 1 0 1 1 1 0 1 1 0 1 1 1 0 0 0 1 1 0 0 0 1 1 0 0 0 0 0 1 0 1 1 0 0 0 1 1 1 1 0 0 1 0 0 0 
0 1 0 1 1 0 0 1 1 0 1 0 1 0 1 0 0 0 1 1 0 1 1 0 1 1 1 0 1 1 1 1 0 0 0 0 0 0 0 0 0 0 1 1 0 1 0 1 0 0 0 0 1 1 1 0 1 1 1 1 0 0 1 0 0 1 1 1 1 0 1 1 1 1 0 0 0 0 1 0 1 0 1 1 0 1 0 0 0 0 
0 1 0 0 0 0 0 0 1 0 1 0 1 0 1 0 0 0 0 0 1 0 1 0 0 0 0 0 0 0 1 1 0 0 0 1 1 1 0 0 0 1 1 1 0 0 1 1 1 0 1 1 0 0 1 0 0 0 1 0 0 0 1 0 0 0 0 0 1 1 0 1 0 0 0 1 0 1 0 1 0 1 0 0 0 1 1 1 1 0 
1 0 1 0 0 0 1 1 0 1 0 1 1 1 0 0 0 1 0 0 1 0 0 1 1 0 0 0 1 0 1 1 0 1 0 0 0 0 0 1 1 1 1 0 1 1 0 0 0 1 1 1 0 0 1 0 1 1 0 0 0 0 1 1 1 0 0 1 0 0 1 1 0 1 0 0 1 1 0 1 1 0 0 0 1 0 1 0 1 0 
0 0 0 1 0 1 1 0 1 1 0 0 1 1 0 0 0 1 1 0 0 1 1 1 1 0 0 1 0 1 0 0 1 1 1 0 1 0 0 1 1 0 1 0 0 0 1 0 0 0 1 1 0 1 0 0 0 0 0 1 0 0 1 1 1 0 0 0 1 1 1 1 1 1 0 1 1 1 0 1 0 1 0 1 1 1 1 0 1 1 
0 0 0 0 0 0 1 1 1 0 1 1 0 0 0 0 0 0 0 0 1 1 1 0 0 0 0 1 1 0 0 0 0 1 0 1 1 0 0 0 0 0 1 1 0 1 0 1 0 1 1 0 1 1 0 0 0 0 1 0 0 1 1 1 1 0 0 1 1 0 0 0 0 1 1 1 0 0 1 0 1 0 0 1 0 0 1 0 1 0 
1 1 0 0 1 0 0 0 0 0 0 1 0 1 0 1 0 0 1 1 0 0 1 1 0 1 0 1 1 1 1 0 0 1 0 1 1 1 0 0 0 1 0 1 0 1 1 0 0 1 0 0 0 1 0 0 0 0 0 1 0 0 1 1 1 0 1 1 0 0 1 1 0 0 0 1 1 0 0 0 1 1 0 1 1 1 1 0 0 1 
0 1 1 0 0 1 1 1 1 1 0 1 0 0 0 1 0 1 0 1 1 1 0 0 0 0 1 1 1 0 0 1 0 1 1 0 0 0 0 0 0 0 0 0 0 0 1 1 0 1 1 0 1 0 0 1 1 1 1 0 1 0 1 1 0 0 0 1 0 1 0 1 1 0 0 0 1 1 0 1 1 0 1 1 0 1 0 1 0 1 
1 1 0 1 1 1 0 0 1 0 0 1 0 1 0 0 1 1 1 0 1 0 0 1 1 1 1 0 1 0 0 0 1 0 1 1 1 1 1 0 1 0 1 1 0 0 1 0 1 1 0 1 1 1 1 1 1 0 0 0 0 0 1 1 1 1 1 1 0 1 0 1 1 1 0 0 0 0 0 0 1 1 1 0 0 1 0 1 1 0 
1 1 1 1 0 0 1 0 0 1 0 1 1 1 0 0 0 0 0 1 1 0 0 0 1 0 1 1 0 1 0 1 0 1 1 0 1 1 0 0 1 0 0 0 0 0 0 1 1 0 0 1 0 1 1 0 0 1 1 0 0 1 1 0 1 1 1 1 0 0 1 0 1 1 1 0 0 0 0 1 0 0 1 1 0 1 1 0 1 1 
0 0 1 1 1 1 0 1 0 1 1 1 0 0 1 0 1 0 1 1 0 0 1 1 1 1 1 1 1 0 1 1 0 1 1 0 1 1 0 1 1 0 1 1 1 1 1 0 1 1 1 0 0 0 0 1 0 1 0 0 0 0 1 0 0 0 1 0 0 0 0 1 0 0 0 0 1 1 0 0 1 0 1 1 1 0 0 0 1 1 
1 0 0 1 0 1 1 1 1 0 1 0 1 1 1 0 1 1 1 0 0 0 1 0 0 0 0 0 1 1 0 0 1 1 1 0 0 1 0 1 0 0 0 1 1 1 0 1 1 0 1 1 1 1 0 0 1 1 1 0 0 1 0 0 0 0 1 1 0 1 1 1 1 1 0 0 0 1 1 1 1 1 0 0 1 0 0 0 1 0 
0 0 1 1 0 1 1 1 0 0 0 0 0 0 0 1 1 1 1 0 1 1 1 1 0 1 0 1 1 0 0 0 0 1 1 1 1 0 0 0 1 1 1 1 0 1 0 1 1 0 0 0 1 1 1 1 1 1 0 1 0 1 0 0 0 1 0 0 0 1 0 1 1 1 1 1 1 1 1 1 0 0 1 0 0 0 1 0 1 0 
0 1 1 0 0 0 0 1 0 0 1 0 1 0 0 1 0 0 0 0 0 0 1 0 1 0 0 1 1 0 0 1 0 0 0 1 0 1 1 0 0 0 1 1 1 0 1 0 1 1 1 1 1 1 0 1 0 0 0 0 0 1 0 0 1 1 0 0 1 1 0 1 0 0 1 1 0 1 0 1 0 0 0 0 0 1 1 0 0 0 
1 0 1 1 1 0 0 0 1 1 1 1 1 1 0 1 1 1 0 1 0 0 1 0 1 0 0 0 1 1 1 0 0 1 0 0 0 1 1 1 1 1 1 1 0 1 0 1 1 1 0 1 1 1 1 1 1 0 1 1 0 1 1 1 0 1 0 1 0 1 0 1 1 0 1 1 0 0 0 0 1 0 1 1 0 0 0 1 1 1 
0 0 1 1 1 1 0 0 0 1 0 0 0 1 1 1 1 0 0 1 0 1 0 0 0 1 1 1 1 0 1 0 0 0 1 1 0 0 0 0 0 0 1 0 0 1 1 0 0 0 0 1 1 0 0 1 0 1 0 1 1 1 1 1 1 1 0 1 1 1 1 1 1 1 1 1 0 1 0 0 0 1 1 0 1 1 0 0 0 0 
1 1 1 0 0 0 0 1 1 1 1 0 1 1 0 1 0 0 1 0 0 1 1 0 0 0 1 1 1 0 1 0 0 0 1 0 0 1 0 1 1 0 0 1 0 1 1 0 0 1 0 1 1 1 0 0 0 1 0 1 0 0 0 0 1 1 0 1 1 0 0 0 1 1 1 1 1 0 1 0 0 1 1 0 0 1 0 0 1 1 
1 1 0 0 1 0 0 1 0 0 1 0 0 1 0 0 0 1 0 0 1 0 1 0 0 0 1 0 1 0 0 1 0 1 1 0 0 0 1 1 0 0 1 0 0 1 0 0 0 1 1 1 0 1 1 1 1 0 1 0 1 1 0 1 1 0 1 0 0 1 1 1 1 1 1 0 0 1 0 1 1 1 0 1 1 1 1 1 1 1 
1 0 1 0 0 0 1 0 0 1 1 1 0 1 1 1 1 1 0 1 0 1 0 1 0 0 0 1 1 1 1 0 1 0 1 1 0 0 1 0 0 0 0 1 0 1 0 1 1 1 0 1 1 0 1 1 1 0 1 1 1 1 1 0 1 0 0 1 1 1 1 1 0 0 1 0 1 1 1 1 0 1 0 0 1 0 0 0 1 0 
0 0 1 0 1 0 0 0 0 1 0 1 1 1 1 1 1 1 0 0 0 0 0 0 0 1 1 1 1 1 1 0 0 0 1 0 1 1 0 0 1 0 1 0 0 1 0 0 1 1 0 0 0 0 1 1 0 1 1 1 1 0 1 0 1 1 1 0 1 0 1 0 0 1 1 0 0 0 0 1 1 0 1 0 1 1 0 1 1 0 
1 0 1 0 0 1 1 1 1 1 1 1 1 0 1 1 0 1 0 1 0 1 0 1 1 0 0 0 0 1 0 0 0 0 1 0 1 1 1 0 1 1 0 0 0 0 1 0 0 1 1 0 1 0 1 0 1 1 1 0 1 0 1 1 0 1 0 0 0 1 1 1 0 0 1 0 0 1 1 1 1 0 0 0 0 1 1 1 1 0 
1 0 0 1 1 0 1 1 0 1 0 1 1 0 1 1 0 1 0 1 1 0 1 1 0 0 0 1 1 1 1 1 1 1 1 1 1 1 1 1 1 0 1 0 1 1 0 0 1 1 0 0 1 0 1 0 0 0 1 1 1 0 1 0 1 1 0 0 1 0 1 1 0 0 1 1 0 0 0 1 1 1 1 1 0 0 0 1 1 0 
1 0 1 1 0 1 1 0 0 1 0 1 0 1 1 1 0 0 1 0 0 1 1 1 0 0 0 0 1 0 0 1 0 1 0 0 1 0 0 0 0 1 1 1 0 1 1 0 0 0 0 0 1 1 0 1 1 0 1 0 0 1 0 1 0 1 0 0 1 1 0 0 0 0 1 1 0 1 1 1 1 0 1 0 0 1 1 1 1 1 
0 0 0 0 0 1 0 1 1 0 0 1 0 1 1 1 1 1 0 1 0 0 0 0 1 0 0 1 1 0 1 0 0 1 0 1 1 1 1 1 1 1 1 0 1 1 1 0 0 1 0 0 1 1 0 0 0 0 0 1 1 1 1 1 0 1 0 0 0 1 0 0 1 0 1 0 1 0 1 0 0 0 0 0 0 0 1 0 0 1 
0 0 0 0 1 0 1 0 1 1 0 0 0 1 0 0 1 0 1 0 0 1 0 0 0 0 0 1 1 1 1 1 1 1 0 0 1 0 1 1 0 0 0 0 1 1 1 1 1 0 1 0 1 1 1 1 1 1 1 0 0 1 0 1 0 1 0 1 0 0 0 1 0 0 0 1 0 0 0 0 1 0 0 1 0 0 0 1 0 1 
0 0 0 1 1 0 1 1 1 0 0 0 1 1 0 1 1 1 0 1 0 0 0 1 0 0 1 1 1 0 0 1 1 1 0 0 1 1 0 1 0 1 1 1 1 1 1 1 0 1 0 1 1 0 1 1 0 0 0 0 1 1 1 0 1 1 0 1 0 1 1 0 0 0 0 0 1 1 1 0 1 0 0 1 0 1 1 0 1 1 
0 1 1 0 0 0 1 1 0 1 1 1 1 0 0 0 1 1 1 0 0 0 0 1 0 1 0 0 1 0 0 1 0 0 0 1 1 0 0 1 0 1 0 1 1 0 1 1 0 0 0 1 1 0 1 1 1 1 0 0 1 0 0 1 1 0 1 1 1 0 0 1 0 1 0 1 1 1 0 1 0 0 0 0 0 1 0 0 0 0 
0 1 1 1 1 0 0 1 0 0 0 0 0 0 0 1 0 1 0 0 1 0 0 1 0 0 0 0 0 0 1 1 1 1 0 1 0 1 1 0 1 1 1 0 1 1 1 1 0 1 0 0 1 0 0 0 0 1 0 0 0 1 1 1 0 1 1 0 0 1 0 0 0 0 0 0 1 1 0 1 1 1 1 0 0 1 1 1 0 0 
0 0 1 0 0 0 1 0 1 0 1 1 0 1 1 0 0 0 0 0 1 1 0 0 0 0 0 1 1 0 0 1 0 0 1 0 0 0 0 0 0 1 1 0 1 1 0 1 0 1 1 0 0 1 1 1 1 1 0 0 0 0 1 1 0 0 0 1 0 0 1 0 1 0 1 0 1 1 0 1 0 1 0 0 1 0 1 1 1 1 
0 1 0 1 1 1 1 0 0 1 0 1 1 0 1 1 0 1 1 0 0 1 0 1 0 1 0 0 0 0 0 0 0 1 0 0 0 1 1 1 0 0 0 0 0 1 1 0 0 1 1 0 1 1 1 0 1 0 1 0 1 0 0 0 0 0 1 1 1 0 0 1 1 0 0 1 1 1 0 1 0 1 0 1 1 0 0 0 0 1 
1 1 1 1 1 1 1 1 1 0 0 0 0 0 1 1 1 1 0 1 0 0 0 1 0 1 0 1 1 0 0 1 0 0 0 1 0 0 1 0 1 0 1 1 0 1 1 1 0 1 1 0 1 1 0 0 1 0 1 1 0 1 1 1 0 0 0 1 1 0 1 0 0 1 0 0 0 1 1 0 1 0 1 1 1 0 0 1 0 0 
0 0 0 1 0 1 1 1 1 0 1 0 1 0 0 1 0 0 0 1 1 0 1 0 0 0 0 0 1 0 1 1 1 1 0 0 1 0 0 1 0 1 1 1 0 1 0 0 0 0 1 1 1 1 1 0 1 1 0 0 0 1 1 1 0 1 0 0 1 1 0 0 0 1 1 1 1 0 1 0 0 0 1 0 0 1 1 1 1 0 
