50 50 6
243.0 267.0 276.0 379.0 300.0 274.0 241.0 98.0 283.0 177.0 190.0 217.0 219.0 257.0 191.0 255.0 169.0 142.0 199.0 185.0 219.0 226.0 247.0 258.0 234.0 300.0 280.0 242.0 218.0 187.0 198.0 229.0 331.0 195.0 283.0 216.0 236.0 210.0 222.0 191.0 238.0 231.0 264.0 253.0 237.0 228.0 276.0 190.0 268.0 233.0 
3.2 2.7 3.2 2.8 2.9 3.1 3.3 3.0 4.0 3.8 3.8 4.6 4.5 4.4 2.6 2.9 2.5 3.3 3.0 2.9 4.2 2.1 3.1 2.6 3.2 0.9 2.8 3.1 3.6 2.8 1.6 2.8 3.8 3.7 2.2 4.2 3.7 2.4 2.2 4.1 3.2 1.5 3.7 2.4 3.0 3.0 3.3 2.2 3.5 3.3 
1 0 1 1 0 0 1 1 0 1 0 0 1 1 0 1 0 0 1 1 0 0 0 0 0 1 1 0 1 1 1 1 1 0 1 0 0 0 1 0 0 1 0 1 1 1 1 1 0 1 
0 1 0 0 1 1 1 1 0 0 1 0 0 1 1 0 0 0 0 0 1 1 0 1 1 0 0 1 0 0 0 0 1 1 1 0 1 0 1 1 1 0 1 0 0 0 1 1 1 1 
1 1 1 1 0 1 1 1 1 0 1 1 1 0 0 1 1 0 1 1 0 1 0 1 1 0 0 0 0 1 0 1 0 0 1 0 0 1 0 1 0 0 1 0 1 1 0 0 0 0 
0 0 1 0 1 1 1 0 0 0 1 0 1 1 1 0 1 0 0 0 0 1 1 0 1 1 0 1 0 1 1 1 1 0 1 0 1 0 0 0 0 0 0 0 0 1 1 1 1 0 
0 1 0 1 1 0 1 0 1 0 0 1 1 1 0 1 0 0 0 0 0 1 1 1 1 0 1 0 0 1 1 1 0 0 1 1 0 0 0 1 0 0 0 0 1 1 1 0 1 1 
0 0 0 0 1 0 1 1 1 0 1 0 0 1 1 0 0 0 1 0 1 1 1 1 1 0 1 0 1 0 0 1 1 0 1 1 1 0 0 1 0 0 1 0 1 0 1 0 0 1 
1 0 1 1 1 0 0 0 0 1 1 1 0 1 1 0 1 0 1 0 1 0 1 1 0 1 0 0 0 1 0 0 1 1 0 0 0 0 0 0 0 0 0 0 0 0 0 1 0 1 
1 1 1 0 0 0 0 0 0 0 1 0 0 0 0 0 1 1 1 1 0 1 1 0 1 0 1 1 0 1 0 0 0 0 0 0 1 0 0 0 0 0 0 1 0 1 0 1 0 1 
1 0 1 0 0 1 0 0 0 1 1 0 1 0 0 1 1 1 1 0 1 1 1 0 0 1 1 1 0 0 0 0 1 1 1 1 0 1 0 0 0 0 0 1 1 1 0 1 1 0 
1 1 1 0 1 0 0 1 0 1 0 0 0 0 1 1 0 1 0 1 1 1 0 0 0 1 1 1 1 1 0 1 0 1 1 1 1 1 1 1 0 1 0 1 0 0 0 0 0 1 
1 1 0 1 0 0 1 1 1 1 0 0 0 1 0 1 1 0 0 0 1 0 0 0 0 1 1 0 0 1 0 1 0 1 1 1 1 1 0 1 0 1 0 0 0 0 0 1 1 1 
0 1 1 1 0 1 0 1 0 0 0 1 1 0 1 1 0 0 1 0 0 0 1 0 0 0 0 0 1 1 1 0 1 0 0 1 1 0 1 0 1 1 1 0 0 1 1 0 0 1 
0 1 1 0 1 1 1 1 1 0 1 1 0 0 0 1 1 0 1 0 1 0 0 0 0 1 0 0 0 1 0 0 0 1 1 1 1 0 1 0 1 1 1 0 0 0 0 1 1 0 
0 0 0 0 0 1 1 0 0 0 1 1 1 0 0 0 1 0 0 1 0 0 1 1 0 0 0 0 1 0 0 0 1 0 0 0 0 0 0 1 1 1 1 0 0 1 0 0 1 1 
1 1 0 1 0 0 0 0 0 0 1 1 1 0 1 1 0 1 0 1 0 0 1 0 1 0 1 0 0 1 0 0 1 0 0 1 1 0 0 1 0 0 0 0 0 0 1 1 0 1 
0 1 0 0 1 0 1 1 1 1 0 1 1 1 1 1 1 0 1 1 0 0 1 1 0 0 0 0 1 1 1 1 1 0 1 0 0 0 0 0 1 0 0 0 0 0 1 1 1 0 
1 0 0 1 0 1 1 1 0 1 0 0 1 0 0 1 1 0 0 0 0 1 1 0 1 1 0 0 0 0 1 0 0 0 0 0 1 0 0 0 1 1 1 1 0 1 1 1 1 0 
1 0 0 1 0 0 0 0 1 1 1 0 1 0 0 1 1 1 1 1 0 0 1 1 0 0 1 0 0 0 1 0 1 1 1 1 1 1 0 1 1 0 1 0 1 0 0 0 1 1 
0 0 0 0 0 1 1 1 1 0 1 1 0 0 1 0 0 0 1 1 0 1 1 0 1 0 1 0 0 0 1 1 0 1 0 0 0 0 0 0 0 0 1 1 0 1 1 0 1 1 
1 1 0 0 0 1 1 1 0 0 1 0 1 1 0 0 1 1 0 0 0 1 1 1 0 0 0 1 0 1 0 0 1 0 0 0 0 1 1 0 0 1 1 1 1 1 0 1 1 1 
1 1 0 0 0 0 1 1 1 1 0 0 1 1 1 0 1 1 0 1 1 1 1 1 0 0 0 0 0 0 0 1 0 0 0 0 0 1 1 0 1 1 1 0 0 1 0 1 1 0 
1 0 1 0 0 1 0 0 1 1 1 1 0 0 1 1 1 1 0 0 0 1 0 1 0 1 0 0 1 0 1 1 0 1 1 0 1 1 0 0 0 0 1 1 0 1 1 0 0 0 
0 1 1 1 1 0 0 1 0 0 1 1 1 1 0 0 0 0 0 1 1 1 1 0 1 1 0 1 0 0 1 1 1 1 1 0 0 1 1 0 0 0 0 0 0 0 1 0 0 1 
1 1 0 0 0 0 1 0 1 0 0 1 1 1 1 1 1 1 0 1 0 0 0 1 1 0 0 1 0 1 1 0 1 0 0 0 0 1 1 1 0 0 0 0 0 1 0 1 1 0 
1 0 1 0 1 0 1 1 0 0 0 0 1 0 0 0 1 1 0 1 1 1 0 0 0 0 0 1 0 1 0 1 1 1 1 0 1 1 0 1 1 0 0 1 1 1 0 1 0 0 
1 1 0 1 1 0 0 0 0 0 1 1 1 1 0 1 1 1 1 1 1 1 1 0 1 0 0 1 0 0 1 1 0 0 1 1 1 0 1 1 0 1 1 1 1 0 1 1 0 0 
1 0 1 1 0 0 0 1 1 0 0 1 0 0 0 0 1 1 0 0 0 1 1 1 0 1 1 1 0 0 1 0 1 0 1 1 1 0 1 0 0 0 0 1 0 0 1 0 1 1 
0 0 0 1 1 1 1 0 1 0 0 0 0 0 1 1 1 1 1 1 1 1 1 1 0 1 0 0 0 1 1 0 0 1 0 1 0 0 0 1 0 1 0 0 0 0 1 0 1 1 
0 0 0 0 0 0 0 0 0 1 0 0 1 1 0 0 0 0 1 0 1 1 1 0 1 1 1 1 1 1 1 0 0 1 0 1 0 0 1 1 1 1 0 0 0 1 0 0 0 0 
1 1 0 1 1 1 1 1 0 1 1 1 0 0 1 1 1 0 0 1 0 0 1 1 1 1 0 1 1 1 0 0 1 0 0 0 0 1 1 0 1 0 0 1 1 0 1 0 0 0 
0 0 1 0 1 1 1 0 1 0 0 1 0 0 1 1 0 1 1 1 1 0 0 1 0 0 1 0 1 1 1 0 0 0 0 0 1 0 0 0 1 0 0 1 1 0 1 1 0 0 
1 1 0 0 0 1 0 1 0 0 0 1 1 1 1 0 1 0 0 0 0 0 1 1 1 1 1 0 0 0 1 0 0 1 0 1 1 0 1 1 0 1 0 0 1 1 1 0 1 0 
0 0 1 0 1 1 1 1 0 1 0 1 1 0 1 1 0 1 0 0 1 1 1 1 0 0 1 1 0 1 0 0 1 1 0 1 0 0 1 1 1 1 0 1 0 0 1 0 1 1 
1 0 1 0 1 1 0 0 1 1 1 1 0 1 0 1 0 0 1 1 0 1 0 0 1 0 0 0 0 0 1 0 0 1 1 1 0 0 0 0 1 0 1 1 1 0 1 0 0 0 
0 1 0 0 1 1 0 0 1 1 1 0 0 0 1 0 0 1 1 0 0 1 1 0 0 0 1 1 1 0 1 1 0 0 0 1 0 0 0 0 1 1 1 1 0 1 1 1 0 1 
1 0 1 1 0 0 0 0 0 0 0 0 0 0 0 1 0 0 0 1 0 1 0 1 1 0 0 1 1 1 0 1 0 1 1 1 0 1 1 1 1 0 0 0 1 0 1 0 1 0 
0 1 0 1 1 0 0 1 1 0 0 0 1 0 0 0 1 1 0 0 0 1 1 0 0 1 0 0 1 0 1 1 0 0 0 0 1 0 0 1 1 1 0 1 1 1 1 1 0 1 
0 1 1 0 0 1 0 1 1 0 0 0 1 0 1 0 0 1 1 1 0 0 0 1 0 0 1 0 0 0 1 0 0 1 0 0 1 1 1 0 0 0 0 0 1 0 1 1 1 0 
1 1 1 0 1 1 1 1 0 1 1 1 0 0 0 0 0 1 1 0 0 1 0 0 0 1 0 0 0 1 0 1 0 1 1 1 1 1 1 0 0 0 1 1 1 0 0 1 0 0 
1 1 1 1 1 0 1 0 1 1 1 1 0 0 0 0 0 0 0 0 1 0 1 1 0 1 0 1 1 1 0 0 1 0 1 1 0 1 0 0 1 0 0 0 1 0 0 1 1 1 
1 0 0 0 1 1 0 1 1 0 1 1 1 0 1 1 0 1 1 1 1 0 0 1 1 0 0 1 1 0 1 0 1 1 1 1 1 1 0 1 0 1 0 1 0 1 0 0 0 1 
0 0 1 1 1 1 1 1 1 0 1 1 0 1 0 0 1 1 1 0 0 0 1 0 0 0 1 0 1 1 0 1 1 1 0 1 0 1 1 1 1 1 1 0 0 0 0 1 0 0 
1 1 1 0 1 1 1 1 1 0 1 0 1 1 1 1 0 0 0 0 0 1 0 1 0 0 0 1 0 1 0 1 1 0 0 0 0 1 1 0 0 0 1 0 0 0 0 0 1 0 
1 1 0 1 0 1 1 0 0 0 0 1 0 0 1 1 0 1 1 0 1 0 0 0 1 1 1 1 1 1 0 0 1 0 0 1 0 1 0 0 1 1 1 1 0 0 1 0 0 1 
0 1 1 1 1 1 1 1 0 0 1 0 0 1 0 1 1 0 0 0 1 0 0 0 0 1 0 0 1 1 0 1 0 1 1 0 0 1 1 1 1 1 1 1 1 1 0 1 1 1 
1 1 1 0 0 1 1 1 1 1 1 0 0 1 0 1 0 0 1 0 0 0 0 1 0 1 0 0 1 0 0 0 1 1 0 0 1 1 1 1 1 1 1 1 1 0 0 1 0 1 
0 0 0 0 1 1 1 1 1 0 0 1 0 0 0 1 0 0 1 1 0 1 1 1 0 0 0 0 0 1 0 1 0 0 0 0 0 1 0 0 0 1 0 0 0 0 0 0 0 1 
1 1 0 1 1 0 1 0 1 0 0 1 1 0 1 1 1 0 0 0 1 0 0 0 1 0 1 0 1 1 1 0 1 0 0 0 0 1 1 1 0 0 0 1 1 1 1 1 1 1 
0 0 1 0 0 0 1 1 1 0 0 1 1 0 0 1 0 0 1 0 1 1 1 1 1 0 0 0 1 1 1 0 1 1 0 0 1 0 0 1 0 1 0 1 1 1 1 0 1 1 
1 1 1 1 1 1 1 0 1 0 0 0 1 1 0 0 1 0 0 0 1 0 0 0 1 1 1 1 1 1 1 1 0 1 1 1 1 1 1 1 0 0 0 1 1 0 0 1 1 0 
